3641682 237.0
3450649 161.0
3291351 236.0
3046788 162.0
3027440 186.0
2900733 230.0
2729607 132.0
2678275 48.0
2604081 170.0
2534767 234.0
2532301 142.0
2258215 163.0
2183688 239.0
2159374 138.0
2141846 79.0
2037027 68.0
1962096 164.0
1959628 141.0
1896669 107.0
1725187 100.0
1663340 238.0
1633017 249.0
1589233 229.0
1545850 263.0
1501014 140.0
1468257 90.0
1399862 231.0
1383587 246.0
1312663 43.0
1276612 113.0
1099644 233.0
1066949 114.0
1034196 148.0
1017407 262.0
 995443 137.0
 982644 143.0
 846016 158.0
 820387 144.0
 786872 264.0
 742515 50.0
 738427 151.0
 738303 13.0
 661952 211.0
 619237 75.0
 598045 87.0
 491970 261.0
 472022 125.0
 458340 166.0
 326737 74.0
 320714 41.0
 320577 88.0
 249714 24.0
 177296 209.0
 164462 224.0
 164378 45.0
 142810 4.0
 142196 42.0
 122726 226.0
 120467 232.0
 118799 7.0
 107876 145.0
  99029 65.0
  97955 116.0
  92439 244.0
  83587 33.0
  83563 152.0
  75125 146.0
  72294 25.0
  67522 181.0
  67074 97.0
  63111 193.0
  61883 255.0
  49476 256.0
  46745 265.0
  43382 223.0
  43080 179.0
  42746 260.0
  42731 129.0
  42459 52.0
  42247 66.0
  36975 12.0
  36666 40.0
  31129 10.0
  27962 80.0
  26883 82.0
  24945 112.0
  23890 93.0
  23005 61.0
  20385 49.0
  20047 70.0
  19300 168.0
  16935 76.0
  16392 130.0
  15821 17.0
  15641 243.0
  15585 188.0
  15296 89.0
  15289 189.0
  15275 95.0
  14669 37.0
  14583 216.0
  13327 215.0
  13005 247.0
  12503 225.0
  12100 28.0
  10044 39.0
   9811 106.0
   9413 196.0
   9358 35.0
   8674 69.0
   8644 1.0
   8630 219.0
   8498 127.0
   8375 83.0
   8305 197.0
   8078 14.0
   7919 56.0
   7797 159.0
   7746 228.0
   7708 91.0
   7623 36.0
   7540 72.0
   7520 134.0
   7248 157.0
   7212 205.0
   7101 62.0
   6811 213.0
   6701 71.0
   6586 195.0
   6467 26.0
   6436 51.0
   6407 194.0
   6032 92.0
   5843 177.0
   5720 217.0
   5708 218.0
   5697 165.0
   5569 235.0
   5060 85.0
   5028 133.0
   5008 242.0
   4929 254.0
   4891 207.0
   4871 135.0
   4677 155.0
   4640 119.0
   4510 210.0
   4325 191.0
   4263 182.0
   4201 220.0
   4164 222.0
   4048 22.0
   3978 136.0
   3837 169.0
   3806 167.0
   3775 202.0
   3760 198.0
   3699 78.0
   3688 77.0
   3686 257.0
   3676 123.0
   3591 55.0
   3457 190.0
   3396 173.0
   3351 47.0
   3323 174.0
   3307 121.0
   3288 250.0
   3220 21.0
   3198 203.0
   3181 258.0
   3174 149.0
   3159 63.0
   3063 124.0
   3062 131.0
   3015 139.0
   2928 81.0
   2891 241.0
   2886 212.0
   2822 18.0
   2783 227.0
   2745 32.0
   2660 54.0
   2579 208.0
   2499 29.0
   2485 185.0
   2482 16.0
   2463 259.0
   2451 248.0
   2410 200.0
   2388 160.0
   2331 171.0
   2324 147.0
   2237 101.0
   2192 38.0
   2172 126.0
   2106 3.0
   2097 102.0
   2029 86.0
   1955 180.0
   1942 117.0
   1936 34.0
   1936 19.0
   1919 60.0
   1869 67.0
   1750 252.0
   1732 53.0
   1711 108.0
   1709 20.0
   1706 122.0
   1680 98.0
   1631 178.0
   1608 94.0
   1593 153.0
   1558 15.0
   1528 192.0
   1527 11.0
   1517 150.0
   1436 9.0
   1309 175.0
   1161 183.0
   1160 8.0
   1149 64.0
    774 128.0
    617 73.0
    608 23.0
    577 96.0
    560 31.0
    553 154.0
    537 240.0
    519 120.0
    508 201.0
    398 118.0
    397 44.0
    377 46.0
    345 5.0
    296 206.0
    284 253.0
    265 58.0
    263 57.0
    262 6.0
    234 184.0
    215 214.0
    187 156.0
    182 115.0
    178 59.0
    159 111.0
    152 27.0
    144 221.0
    129 251.0
    117 105.0
    106 2.0
     95 30.0
     84 245.0
     73 109.0
     71 187.0
     62 172.0
     58 84.0
     35 99.0
     31 176.0
     29 204.0
     13 199.0
     12 pulocationid
      1 104.0
