2.0,"2019-08-01 00:17:59.000000","2019-08-01 00:36:59.000000",2.0,5.18,1.0,N,234.0,24.0,1.0,18.0,0.5,0.5,4.36,0.0,0.3,26.16,2.5
2.0,"2019-08-01 00:25:49.000000","2019-08-01 00:56:13.000000",2.0,5.99,1.0,N,234.0,61.0,2.0,24.0,0.5,0.5,0.0,0.0,0.3,27.8,2.5
2.0,"2019-08-01 00:05:39.000000","2019-08-01 00:30:34.000000",1.0,7.36,1.0,N,234.0,129.0,1.0,24.0,0.5,0.5,8.48,6.12,0.3,42.4,2.5
2.0,"2019-08-01 00:05:25.000000","2019-08-01 00:33:40.000000",3.0,6.51,1.0,N,234.0,225.0,1.0,24.0,0.5,0.5,5.56,0.0,0.3,33.36,2.5
1.0,"2019-08-01 02:04:35.000000","2019-08-01 02:31:47.000000",4.0,6.6,1.0,N,234.0,36.0,1.0,24.0,3.0,0.5,2.0,0.0,0.3,29.8,2.5
1.0,"2019-08-01 11:18:57.000000","2019-08-01 11:50:03.000000",1.0,5.6,1.0,N,234.0,112.0,1.0,24.0,2.5,0.5,5.45,0.0,0.3,32.75,2.5
1.0,"2019-08-01 11:43:53.000000","2019-08-01 12:24:26.000000",1.0,3.0,1.0,N,234.0,50.0,1.0,24.0,2.5,0.5,3.0,0.0,0.3,30.3,2.5
1.0,"2019-08-01 12:49:51.000000","2019-08-01 13:27:46.000000",1.0,4.1,1.0,N,234.0,236.0,1.0,24.0,2.5,0.5,5.0,0.0,0.3,32.3,2.5
2.0,"2019-08-01 13:46:00.000000","2019-08-01 14:22:44.000000",1.0,4.52,1.0,N,234.0,151.0,1.0,24.0,0.0,0.5,5.46,0.0,0.3,32.76,2.5
2.0,"2019-08-01 13:38:14.000000","2019-08-01 14:12:46.000000",1.0,4.89,1.0,N,234.0,97.0,1.0,24.0,0.0,0.5,6.82,0.0,0.3,34.12,2.5
2.0,"2019-08-01 13:57:47.000000","2019-08-01 14:31:37.000000",1.0,4.63,1.0,N,234.0,239.0,1.0,24.0,0.0,0.5,5.46,0.0,0.3,32.76,2.5
2.0,"2019-08-01 13:25:20.000000","2019-08-01 13:58:08.000000",1.0,6.02,1.0,N,234.0,24.0,1.0,25.5,0.0,0.5,5.76,0.0,0.3,34.56,2.5
2.0,"2019-08-01 14:49:05.000000","2019-08-01 15:26:04.000000",1.0,5.01,1.0,N,234.0,25.0,1.0,24.0,0.0,0.5,6.82,0.0,0.3,34.12,2.5
2.0,"2019-08-01 18:34:36.000000","2019-08-01 19:08:30.000000",1.0,4.63,1.0,N,234.0,80.0,1.0,24.0,1.0,0.5,5.66,0.0,0.3,33.96,2.5
1.0,"2019-08-01 18:13:27.000000","2019-08-01 18:49:30.000000",1.0,4.4,1.0,N,234.0,256.0,3.0,24.0,3.5,0.5,0.0,0.0,0.3,28.3,2.5
2.0,"2019-08-01 18:18:09.000000","2019-08-01 18:53:23.000000",1.0,4.24,1.0,N,234.0,80.0,2.0,24.0,1.0,0.5,0.0,0.0,0.3,28.3,2.5
2.0,"2019-08-01 18:08:28.000000","2019-08-01 18:37:04.000000",2.0,1.97,1.0,N,234.0,246.0,1.0,17.5,1.0,0.5,2.2,0.0,0.3,24.0,2.5
2.0,"2019-08-01 17:59:13.000000","2019-08-01 18:40:53.000000",1.0,2.23,1.0,N,234.0,230.0,2.0,24.0,1.0,0.5,0.0,0.0,0.3,28.3,2.5
2.0,"2019-08-01 18:09:10.000000","2019-08-01 18:37:48.000000",1.0,6.75,1.0,N,234.0,33.0,1.0,24.0,1.0,0.5,6.88,6.12,0.3,41.3,2.5
2.0,"2019-08-01 19:22:57.000000","2019-08-01 19:53:07.000000",4.0,6.12,1.0,N,234.0,188.0,1.0,24.0,1.0,0.5,7.08,0.0,0.3,35.38,2.5
1.0,"2019-08-01 19:27:46.000000","2019-08-01 19:55:03.000000",1.0,6.6,1.0,N,234.0,17.0,1.0,24.0,3.5,0.5,5.09,0.0,0.3,33.39,2.5
1.0,"2019-08-01 19:28:25.000000","2019-08-01 19:58:21.000000",1.0,5.5,1.0,N,234.0,151.0,1.0,24.0,3.5,0.5,5.65,0.0,0.3,33.95,2.5
1.0,"2019-08-01 20:12:30.000000","2019-08-01 20:39:40.000000",1.0,6.3,1.0,N,234.0,231.0,1.0,24.0,3.5,0.5,5.65,0.0,0.3,33.95,2.5
2.0,"2019-08-01 20:07:06.000000","2019-08-01 20:30:43.000000",1.0,5.48,1.0,N,234.0,24.0,1.0,20.5,0.5,0.5,1.0,0.0,0.3,25.3,2.5
1.0,"2019-08-01 21:47:19.000000","2019-08-01 22:14:11.000000",3.0,7.1,1.0,N,234.0,168.0,2.0,24.0,3.0,0.5,0.0,0.0,0.3,27.8,2.5
1.0,"2019-08-01 21:25:58.000000","2019-08-01 21:56:43.000000",1.0,6.2,1.0,N,234.0,74.0,2.0,24.0,3.0,0.5,0.0,0.0,0.3,27.8,2.5
2.0,"2019-08-01 22:09:40.000000","2019-08-01 22:35:38.000000",3.0,4.81,1.0,N,234.0,24.0,1.0,20.0,0.5,0.5,4.76,0.0,0.3,28.56,2.5
2.0,"2019-08-01 22:24:48.000000","2019-08-01 22:55:33.000000",2.0,5.66,1.0,N,234.0,255.0,1.0,24.0,0.5,0.5,8.34,0.0,0.3,36.14,2.5
2.0,"2019-08-01 22:36:24.000000","2019-08-01 23:02:09.000000",1.0,6.73,1.0,N,234.0,33.0,1.0,24.0,0.5,0.5,6.95,0.0,0.3,34.75,2.5
2.0,"2019-08-01 22:25:26.000000","2019-08-01 22:53:30.000000",1.0,6.4,1.0,N,234.0,41.0,1.0,24.0,0.5,0.5,4.17,0.0,0.3,31.97,2.5
2.0,"2019-08-01 23:14:30.000000","2019-08-01 23:37:16.000000",1.0,5.05,1.0,N,234.0,24.0,1.0,19.0,0.5,0.5,4.56,0.0,0.3,27.36,2.5
1.0,"2019-08-02 01:31:37.000000","2019-08-02 01:54:30.000000",1.0,7.4,1.0,N,234.0,198.0,2.0,24.0,3.0,0.5,0.0,6.12,0.3,33.92,2.5
1.0,"2019-08-02 01:47:46.000000","2019-08-02 02:07:40.000000",1.0,4.7,1.0,N,234.0,24.0,1.0,18.0,3.0,0.5,4.36,0.0,0.3,26.16,2.5
1.0,"2019-08-02 02:02:49.000000","2019-08-02 02:22:14.000000",1.0,4.6,1.0,N,234.0,97.0,1.0,17.5,3.0,0.5,2.7,0.0,0.3,24.0,2.5
1.0,"2019-08-02 03:04:20.000000","2019-08-02 03:20:55.000000",1.0,5.2,1.0,N,234.0,24.0,1.0,17.5,3.0,0.5,4.25,0.0,0.3,25.55,2.5
2.0,"2019-08-02 03:45:32.000000","2019-08-02 04:13:55.000000",5.0,6.62,1.0,N,234.0,36.0,2.0,24.0,0.5,0.5,0.0,0.0,0.3,27.8,2.5
2.0,"2019-08-02 03:38:46.000000","2019-08-02 03:54:27.000000",1.0,5.74,1.0,N,234.0,24.0,2.0,18.0,0.5,0.5,0.0,0.0,0.3,21.8,2.5
2.0,"2019-08-02 04:32:10.000000","2019-08-02 04:50:04.000000",6.0,7.61,1.0,N,234.0,196.0,2.0,24.0,0.5,0.5,0.0,6.12,0.3,33.92,2.5
1.0,"2019-08-02 04:22:54.000000","2019-08-02 04:46:42.000000",2.0,7.4,1.0,N,234.0,129.0,2.0,24.0,3.0,0.5,0.0,0.0,0.3,27.8,2.5
1.0,"2019-08-02 08:38:12.000000","2019-08-02 09:16:40.000000",1.0,4.1,1.0,N,234.0,236.0,1.0,24.0,2.5,0.5,5.45,0.0,0.3,32.75,2.5
2.0,"2019-08-02 08:54:37.000000","2019-08-02 09:26:39.000000",2.0,4.77,1.0,N,234.0,88.0,1.0,24.0,0.0,0.5,6.83,0.0,0.3,34.13,2.5
1.0,"2019-08-02 10:29:17.000000","2019-08-02 10:51:42.000000",1.0,4.3,1.0,N,234.0,239.0,1.0,18.0,2.5,0.5,2.7,0.0,0.3,24.0,2.5
2.0,"2019-08-02 11:01:56.000000","2019-08-02 11:27:07.000000",1.0,6.65,1.0,N,234.0,65.0,2.0,24.0,0.0,0.5,0.0,0.0,0.3,27.3,2.5
2.0,"2019-08-02 12:41:50.000000","2019-08-02 13:11:08.000000",1.0,6.14,1.0,N,234.0,262.0,2.0,24.0,0.0,0.5,0.0,0.0,0.3,27.3,2.5
1.0,"2019-08-02 12:16:21.000000","2019-08-02 12:54:18.000000",1.0,4.3,1.0,N,234.0,141.0,1.0,24.0,2.5,0.5,5.45,0.0,0.3,32.75,2.5
2.0,"2019-08-02 14:17:36.000000","2019-08-02 14:53:44.000000",1.0,5.19,1.0,N,234.0,24.0,1.0,25.5,0.0,0.5,5.76,0.0,0.3,34.56,2.5
2.0,"2019-08-02 15:02:09.000000","2019-08-02 15:48:05.000000",2.0,6.04,1.0,N,234.0,24.0,1.0,30.5,0.0,0.5,6.76,0.0,0.3,40.56,2.5
1.0,"2019-08-02 15:40:06.000000","2019-08-02 16:21:39.000000",1.0,3.5,1.0,N,234.0,33.0,1.0,24.0,2.5,0.5,6.8,0.0,0.3,34.1,2.5
2.0,"2019-08-02 15:03:49.000000","2019-08-02 15:46:03.000000",1.0,1.94,1.0,N,234.0,50.0,1.0,24.0,0.0,0.5,2.73,0.0,0.3,30.03,2.5
1.0,"2019-08-02 16:16:10.000000","2019-08-02 16:53:16.000000",1.0,4.4,1.0,N,234.0,262.0,1.0,24.0,3.5,0.5,2.5,0.0,0.3,30.8,2.5
2.0,"2019-08-02 16:22:56.000000","2019-08-02 16:57:39.000000",1.0,5.23,1.0,N,234.0,146.0,1.0,24.0,1.0,0.5,5.66,0.0,0.3,33.96,2.5
2.0,"2019-08-02 16:06:21.000000","2019-08-02 16:31:28.000000",1.0,6.59,1.0,N,234.0,129.0,1.0,24.0,1.0,0.5,6.88,6.12,0.3,41.3,2.5
2.0,"2019-08-02 18:43:44.000000","2019-08-02 19:13:14.000000",1.0,6.65,1.0,N,234.0,7.0,1.0,24.0,1.0,0.5,8.49,0.0,0.3,36.79,2.5
2.0,"2019-08-02 18:35:22.000000","2019-08-02 19:06:48.000000",3.0,6.26,1.0,N,234.0,42.0,1.0,24.0,1.0,0.5,5.66,0.0,0.3,33.96,2.5
2.0,"2019-08-02 19:20:50.000000","2019-08-02 19:44:28.000000",1.0,7.02,1.0,N,234.0,74.0,1.0,24.0,1.0,0.5,4.0,0.0,0.3,32.3,2.5
1.0,"2019-08-02 20:24:35.000000","2019-08-02 20:50:25.000000",1.0,6.8,1.0,N,234.0,112.0,1.0,24.0,3.0,0.5,0.0,6.12,0.3,33.92,2.5
2.0,"2019-08-02 20:53:51.000000","2019-08-02 21:14:24.000000",1.0,4.63,1.0,N,234.0,238.0,1.0,17.5,0.5,0.5,2.7,0.0,0.3,24.0,2.5
2.0,"2019-08-02 20:44:38.000000","2019-08-02 21:07:13.000000",1.0,7.05,1.0,N,234.0,82.0,2.0,24.0,0.5,0.5,0.0,0.0,0.3,27.8,2.5
1.0,"2019-08-02 20:02:02.000000","2019-08-02 20:30:26.000000",4.0,5.2,1.0,N,234.0,24.0,2.0,21.5,3.0,0.5,0.0,0.0,0.3,25.3,2.5
2.0,"2019-08-02 20:38:07.000000","2019-08-02 21:10:29.000000",1.0,5.99,1.0,N,234.0,49.0,1.0,24.0,0.5,0.5,5.56,0.0,0.3,33.36,2.5
2.0,"2019-08-02 21:15:27.000000","2019-08-02 21:49:24.000000",2.0,5.67,1.0,N,234.0,41.0,1.0,24.0,0.5,0.5,4.17,0.0,0.3,31.97,2.5
2.0,"2019-08-02 21:39:20.000000","2019-08-02 22:02:09.000000",1.0,4.66,1.0,N,234.0,24.0,2.0,18.0,0.5,0.5,0.0,0.0,0.3,21.8,2.5
2.0,"2019-08-02 21:27:49.000000","2019-08-02 21:49:36.000000",4.0,5.24,1.0,N,234.0,24.0,1.0,19.0,0.5,0.5,4.0,0.0,0.3,26.8,2.5
2.0,"2019-08-02 22:18:49.000000","2019-08-02 22:41:43.000000",1.0,5.07,1.0,N,234.0,24.0,1.0,19.0,0.5,0.5,4.56,0.0,0.3,27.36,2.5
1.0,"2019-08-02 22:22:30.000000","2019-08-02 22:53:24.000000",2.0,6.5,1.0,N,234.0,189.0,1.0,24.0,3.0,0.5,8.3,0.0,0.3,36.1,2.5
2.0,"2019-08-03 01:46:53.000000","2019-08-03 02:12:34.000000",1.0,7.38,1.0,N,234.0,36.0,2.0,24.0,0.5,0.5,0.0,6.12,0.3,33.92,2.5
2.0,"2019-08-03 07:59:09.000000","2019-08-03 08:21:56.000000",1.0,5.48,1.0,N,234.0,236.0,1.0,19.0,0.0,0.5,1.7,0.0,0.3,24.0,2.5
2.0,"2019-08-03 08:58:42.000000","2019-08-03 09:18:06.000000",1.0,5.62,1.0,N,234.0,24.0,1.0,19.5,0.0,0.5,4.56,0.0,0.3,27.36,2.5
2.0,"2019-08-03 10:09:51.000000","2019-08-03 10:43:41.000000",1.0,5.28,1.0,N,234.0,237.0,1.0,24.0,0.0,0.5,1.0,0.0,0.3,28.3,2.5
2.0,"2019-08-03 11:09:18.000000","2019-08-03 11:39:02.000000",1.0,5.29,1.0,N,234.0,238.0,2.0,24.0,0.0,0.5,0.0,0.0,0.3,27.3,2.5
2.0,"2019-08-03 12:18:55.000000","2019-08-03 12:51:00.000000",1.0,5.36,1.0,N,234.0,145.0,2.0,24.0,0.0,0.5,0.0,0.0,0.3,27.3,2.5
2.0,"2019-08-03 12:45:32.000000","2019-08-03 13:24:51.000000",1.0,3.59,1.0,N,234.0,263.0,1.0,24.0,0.0,0.5,5.46,0.0,0.3,32.76,2.5
2.0,"2019-08-03 12:36:40.000000","2019-08-03 13:09:52.000000",2.0,5.28,1.0,N,234.0,41.0,1.0,24.0,0.0,0.5,5.46,0.0,0.3,32.76,2.5
2.0,"2019-08-03 13:58:58.000000","2019-08-03 14:39:56.000000",1.0,1.88,1.0,N,234.0,48.0,1.0,24.0,0.0,0.5,5.46,0.0,0.3,32.76,2.5
1.0,"2019-08-03 14:45:54.000000","2019-08-03 15:12:06.000000",2.0,5.4,1.0,N,234.0,24.0,1.0,21.5,2.5,0.5,2.0,0.0,0.3,26.8,2.5
1.0,"2019-08-03 14:56:52.000000","2019-08-03 15:23:23.000000",0.0,5.4,1.0,N,234.0,24.0,1.0,22.0,2.5,0.5,6.3,0.0,0.3,31.6,2.5
2.0,"2019-08-03 15:29:34.000000","2019-08-03 16:04:55.000000",1.0,4.16,1.0,N,234.0,239.0,1.0,24.0,0.0,0.5,5.46,0.0,0.3,32.76,2.5
1.0,"2019-08-03 17:35:21.000000","2019-08-03 18:01:53.000000",1.0,5.6,1.0,N,234.0,24.0,1.0,21.5,2.5,0.5,4.96,0.0,0.3,29.76,2.5
1.0,"2019-08-03 17:32:22.000000","2019-08-03 18:01:26.000000",1.0,6.3,1.0,N,234.0,52.0,1.0,24.0,2.5,0.5,3.0,0.0,0.3,30.3,2.5
2.0,"2019-08-03 19:22:49.000000","2019-08-03 19:53:46.000000",3.0,6.0,1.0,N,234.0,80.0,1.0,24.0,0.0,0.5,5.46,0.0,0.3,32.76,2.5
1.0,"2019-08-03 21:49:47.000000","2019-08-03 22:24:18.000000",2.0,5.5,1.0,N,234.0,181.0,1.0,24.0,3.0,0.5,5.0,0.0,0.3,32.8,2.5
2.0,"2019-08-03 21:09:02.000000","2019-08-03 21:41:19.000000",1.0,5.73,1.0,N,234.0,166.0,1.0,24.0,0.5,0.5,8.34,0.0,0.3,36.14,2.5
1.0,"2019-08-03 22:36:36.000000","2019-08-03 23:02:02.000000",2.0,5.7,1.0,N,234.0,24.0,1.0,22.0,3.0,0.5,5.0,0.0,0.3,30.8,2.5
2.0,"2019-08-03 22:09:24.000000","2019-08-03 22:39:50.000000",1.0,5.77,1.0,N,234.0,80.0,1.0,24.0,0.5,0.5,8.34,0.0,0.3,36.14,2.5
2.0,"2019-08-04 00:15:42.000000","2019-08-04 00:50:57.000000",4.0,4.75,1.0,N,234.0,255.0,1.0,24.0,0.5,0.5,2.0,0.0,0.3,29.8,2.5
2.0,"2019-08-04 08:58:47.000000","2019-08-04 09:20:34.000000",5.0,6.42,1.0,N,234.0,24.0,1.0,22.5,0.0,0.5,7.74,0.0,0.3,33.54,2.5
2.0,"2019-08-04 13:18:05.000000","2019-08-04 13:46:52.000000",1.0,6.23,1.0,N,234.0,226.0,1.0,24.0,0.0,0.5,5.46,0.0,0.3,32.76,2.5
1.0,"2019-08-04 16:23:27.000000","2019-08-04 16:52:53.000000",1.0,6.2,1.0,N,234.0,75.0,1.0,24.0,2.5,0.5,5.45,0.0,0.3,32.75,2.5
1.0,"2019-08-04 16:08:03.000000","2019-08-04 16:31:52.000000",2.0,6.9,1.0,N,234.0,166.0,1.0,24.0,2.5,0.5,6.8,0.0,0.3,34.1,2.5
1.0,"2019-08-04 17:37:39.000000","2019-08-04 18:07:14.000000",1.0,5.7,1.0,N,234.0,24.0,1.0,24.0,0.0,0.5,0.0,0.0,0.3,24.8,0.0
2.0,"2019-08-04 17:11:49.000000","2019-08-04 17:38:38.000000",1.0,6.26,1.0,N,234.0,166.0,1.0,24.0,0.0,0.5,3.0,0.0,0.3,30.3,2.5
2.0,"2019-08-04 19:23:48.000000","2019-08-04 19:54:13.000000",1.0,6.22,1.0,N,234.0,7.0,1.0,24.0,0.0,0.5,2.0,0.0,0.3,29.3,2.5
2.0,"2019-08-04 19:22:56.000000","2019-08-04 19:54:05.000000",1.0,6.06,1.0,N,234.0,54.0,1.0,24.0,0.0,0.5,3.0,0.0,0.3,30.3,2.5
1.0,"2019-08-04 20:31:59.000000","2019-08-04 20:51:22.000000",3.0,4.7,1.0,N,234.0,24.0,1.0,16.5,3.0,0.5,4.05,0.0,0.3,24.35,2.5
2.0,"2019-08-04 23:56:20.000000","2019-08-05 00:13:34.000000",3.0,4.97,1.0,N,234.0,97.0,1.0,17.5,0.5,0.5,2.7,0.0,0.3,24.0,2.5
2.0,"2019-08-05 01:56:10.000000","2019-08-05 02:18:15.000000",1.0,7.45,1.0,N,234.0,157.0,2.0,24.0,0.5,0.5,0.0,0.0,0.3,27.8,2.5
2.0,"2019-08-05 07:57:42.000000","2019-08-05 08:24:05.000000",1.0,6.27,1.0,N,234.0,166.0,1.0,24.0,0.0,0.5,8.19,0.0,0.3,35.49,2.5
2.0,"2019-08-05 09:16:20.000000","2019-08-05 09:42:12.000000",1.0,6.47,1.0,N,234.0,66.0,1.0,24.0,0.0,0.5,2.0,0.0,0.3,29.3,2.5
2.0,"2019-08-05 10:31:41.000000","2019-08-05 11:01:57.000000",1.0,6.16,1.0,N,234.0,256.0,2.0,24.0,0.0,0.5,0.0,0.0,0.3,27.3,2.5
2.0,"2019-08-05 14:57:44.000000","2019-08-05 15:25:58.000000",2.0,5.69,1.0,N,234.0,13.0,1.0,24.0,0.0,0.5,0.0,0.0,0.3,27.3,2.5
2.0,"2019-08-05 14:31:35.000000","2019-08-05 15:02:38.000000",1.0,5.74,1.0,N,234.0,238.0,1.0,24.0,0.0,0.5,6.82,0.0,0.3,34.12,2.5
1.0,"2019-08-05 15:07:51.000000","2019-08-05 15:29:24.000000",1.0,5.8,1.0,N,234.0,24.0,1.0,20.5,2.5,0.5,5.95,0.0,0.3,29.75,2.5
1.0,"2019-08-05 19:14:49.000000","2019-08-05 19:43:10.000000",0.0,6.0,1.0,N,234.0,65.0,1.0,24.0,3.5,0.5,5.65,0.0,0.3,33.95,2.5
1.0,"2019-08-05 19:07:06.000000","2019-08-05 19:32:52.000000",1.0,4.6,1.0,N,234.0,24.0,1.0,19.5,3.5,0.5,4.75,0.0,0.3,28.55,2.5
2.0,"2019-08-05 19:15:36.000000","2019-08-05 19:41:07.000000",1.0,5.47,1.0,N,234.0,24.0,1.0,20.5,1.0,0.5,4.96,0.0,0.3,29.76,2.5
2.0,"2019-08-05 20:14:18.000000","2019-08-05 20:45:26.000000",1.0,6.25,1.0,N,234.0,181.0,1.0,24.0,0.5,0.5,5.56,0.0,0.3,33.36,2.5
1.0,"2019-08-05 20:23:12.000000","2019-08-05 20:50:18.000000",1.0,6.7,1.0,N,234.0,181.0,1.0,24.0,3.0,0.5,5.55,0.0,0.3,33.35,2.5
2.0,"2019-08-05 20:21:25.000000","2019-08-05 20:42:37.000000",1.0,5.61,1.0,N,234.0,24.0,1.0,19.0,0.5,0.5,4.56,0.0,0.3,27.36,2.5
1.0,"2019-08-05 20:40:23.000000","2019-08-05 20:58:54.000000",1.0,5.8,1.0,N,234.0,24.0,1.0,19.5,3.0,0.5,4.65,0.0,0.3,27.95,2.5
2.0,"2019-08-05 21:37:00.000000","2019-08-05 22:00:32.000000",1.0,7.41,1.0,N,234.0,195.0,2.0,24.0,0.5,0.5,0.0,0.0,0.3,27.8,2.5
2.0,"2019-08-05 21:50:14.000000","2019-08-05 22:20:29.000000",1.0,6.27,1.0,N,234.0,225.0,1.0,24.0,0.5,0.5,6.95,0.0,0.3,34.75,2.5
2.0,"2019-08-05 21:09:33.000000","2019-08-05 21:34:49.000000",1.0,6.74,1.0,N,234.0,75.0,1.0,24.0,0.5,0.5,5.56,0.0,0.3,33.36,2.5
1.0,"2019-08-05 22:49:02.000000","2019-08-05 23:11:34.000000",1.0,5.0,1.0,N,234.0,24.0,1.0,19.0,3.0,0.5,3.0,0.0,0.3,25.8,2.5
2.0,"2019-08-05 23:39:05.000000","2019-08-06 00:06:37.000000",5.0,6.89,1.0,N,234.0,7.0,1.0,24.0,0.5,0.5,8.34,0.0,0.3,36.14,2.5
2.0,"2019-08-06 11:01:20.000000","2019-08-06 11:39:30.000000",5.0,3.86,1.0,N,234.0,75.0,1.0,24.0,0.0,0.5,6.82,0.0,0.3,34.12,2.5
2.0,"2019-08-06 10:57:37.000000","2019-08-06 11:30:18.000000",1.0,5.28,1.0,N,234.0,34.0,1.0,24.0,0.0,0.5,1.0,0.0,0.3,28.3,2.5
2.0,"2019-08-06 13:19:56.000000","2019-08-06 13:51:26.000000",6.0,5.73,1.0,N,234.0,189.0,2.0,24.0,0.0,0.5,0.0,0.0,0.3,27.3,2.5
2.0,"2019-08-06 15:32:41.000000","2019-08-06 16:07:47.000000",1.0,4.63,1.0,N,234.0,255.0,1.0,24.0,0.0,0.5,5.46,0.0,0.3,32.76,2.5
2.0,"2019-08-06 15:34:04.000000","2019-08-06 16:10:27.000000",1.0,4.54,1.0,N,234.0,75.0,2.0,24.0,0.0,0.5,0.0,0.0,0.3,27.3,2.5
2.0,"2019-08-06 16:55:38.000000","2019-08-06 17:30:02.000000",2.0,5.49,1.0,N,234.0,151.0,2.0,24.0,1.0,0.5,0.0,0.0,0.3,28.3,2.5
2.0,"2019-08-06 16:04:57.000000","2019-08-06 16:39:06.000000",2.0,4.57,1.0,N,234.0,256.0,2.0,24.0,1.0,0.5,0.0,0.0,0.3,28.3,2.5
1.0,"2019-08-06 17:48:57.000000","2019-08-06 18:17:38.000000",1.0,6.8,1.0,N,234.0,223.0,1.0,24.0,3.5,0.5,8.45,0.0,0.3,36.75,2.5
2.0,"2019-08-06 18:41:55.000000","2019-08-06 19:14:54.000000",1.0,5.8,1.0,N,234.0,41.0,1.0,24.0,1.0,0.5,5.66,0.0,0.3,33.96,2.5
2.0,"2019-08-06 18:35:15.000000","2019-08-06 18:58:24.000000",2.0,7.09,1.0,N,234.0,152.0,2.0,24.0,1.0,0.5,0.0,0.0,0.3,28.3,2.5
2.0,"2019-08-06 18:17:25.000000","2019-08-06 18:43:59.000000",1.0,6.42,1.0,N,234.0,24.0,1.0,24.0,1.0,0.5,5.66,0.0,0.3,33.96,2.5
2.0,"2019-08-06 19:05:35.000000","2019-08-06 19:38:16.000000",1.0,6.26,1.0,N,234.0,152.0,1.0,24.0,1.0,0.5,5.66,0.0,0.3,33.96,2.5
1.0,"2019-08-06 19:36:53.000000","2019-08-06 20:06:35.000000",1.0,5.8,1.0,N,234.0,41.0,1.0,24.0,3.5,0.5,5.65,0.0,0.3,33.95,2.5
2.0,"2019-08-06 20:17:22.000000","2019-08-06 20:44:23.000000",1.0,6.97,1.0,N,234.0,52.0,1.0,24.0,0.5,0.5,5.56,0.0,0.3,33.36,2.5
1.0,"2019-08-06 21:55:35.000000","2019-08-06 22:15:25.000000",1.0,5.5,1.0,N,234.0,24.0,1.0,19.5,3.0,0.5,4.65,0.0,0.3,27.95,2.5
1.0,"2019-08-06 21:03:58.000000","2019-08-06 21:34:14.000000",1.0,6.2,1.0,N,234.0,61.0,1.0,24.0,3.0,0.5,3.0,0.0,0.3,30.8,2.5
1.0,"2019-08-06 22:38:16.000000","2019-08-06 23:04:42.000000",1.0,5.5,1.0,N,234.0,24.0,1.0,21.5,3.0,0.5,5.06,0.0,0.3,30.36,2.5
2.0,"2019-08-06 22:58:05.000000","2019-08-06 23:27:50.000000",1.0,6.16,1.0,N,234.0,41.0,1.0,24.0,0.5,0.5,5.56,0.0,0.3,33.36,2.5
2.0,"2019-08-06 22:35:45.000000","2019-08-06 23:06:34.000000",1.0,5.97,1.0,N,234.0,112.0,1.0,24.0,0.5,0.5,4.5,0.0,0.3,32.3,2.5
2.0,"2019-08-06 23:30:58.000000","2019-08-06 23:52:44.000000",1.0,6.0,1.0,N,234.0,24.0,1.0,21.0,0.5,0.5,4.96,0.0,0.3,29.76,2.5
1.0,"2019-08-07 00:09:33.000000","2019-08-07 00:33:38.000000",1.0,7.4,1.0,N,234.0,198.0,1.0,24.0,0.5,0.5,0.0,6.12,0.3,31.42,0.0
2.0,"2019-08-07 11:08:23.000000","2019-08-07 11:43:51.000000",3.0,4.77,1.0,N,234.0,238.0,1.0,24.0,0.0,0.5,5.46,0.0,0.3,32.76,2.5
1.0,"2019-08-07 13:05:09.000000","2019-08-07 13:35:07.000000",1.0,5.8,1.0,N,234.0,238.0,1.0,24.0,2.5,0.5,5.45,0.0,0.3,32.75,2.5
1.0,"2019-08-07 13:12:54.000000","2019-08-07 13:51:44.000000",1.0,3.7,1.0,N,234.0,236.0,1.0,24.0,2.5,0.5,4.0,0.0,0.3,31.3,2.5
1.0,"2019-08-07 16:55:47.000000","2019-08-07 17:23:05.000000",1.0,6.0,1.0,N,234.0,24.0,1.0,22.0,3.5,0.5,4.0,0.0,0.3,30.3,2.5
1.0,"2019-08-07 17:03:50.000000","2019-08-07 17:41:17.000000",0.0,5.8,1.0,N,234.0,24.0,1.0,25.0,3.5,0.5,5.85,0.0,0.3,35.15,2.5
1.0,"2019-08-07 17:47:19.000000","2019-08-07 18:22:44.000000",1.0,5.3,1.0,N,234.0,75.0,1.0,24.0,3.5,0.5,2.0,0.0,0.3,30.3,2.5
1.0,"2019-08-07 17:32:44.000000","2019-08-07 18:08:14.000000",1.0,4.6,1.0,N,234.0,33.0,1.0,24.0,3.5,0.5,5.65,0.0,0.3,33.95,2.5
2.0,"2019-08-07 17:47:12.000000","2019-08-07 18:24:03.000000",2.0,4.83,1.0,N,234.0,238.0,1.0,24.0,1.0,0.5,5.66,0.0,0.3,33.96,2.5
2.0,"2019-08-07 18:39:50.000000","2019-08-07 19:08:55.000000",1.0,3.1,1.0,N,234.0,141.0,1.0,18.5,1.0,0.5,1.2,0.0,0.3,24.0,2.5
2.0,"2019-08-07 18:43:10.000000","2019-08-07 19:10:23.000000",1.0,7.34,1.0,N,234.0,40.0,1.0,24.0,1.0,0.5,7.08,0.0,0.3,35.38,2.5
2.0,"2019-08-07 18:45:09.000000","2019-08-07 19:23:27.000000",5.0,5.41,1.0,N,234.0,24.0,1.0,26.0,1.0,0.5,3.0,0.0,0.3,33.3,2.5
2.0,"2019-08-07 19:15:49.000000","2019-08-07 19:48:15.000000",1.0,6.06,1.0,N,234.0,262.0,1.0,24.0,1.0,0.5,1.0,0.0,0.3,29.3,2.5
2.0,"2019-08-07 19:59:43.000000","2019-08-07 20:32:39.000000",1.0,5.58,1.0,N,234.0,49.0,1.0,24.0,0.5,0.5,5.56,0.0,0.3,33.36,2.5
2.0,"2019-08-07 21:17:17.000000","2019-08-07 21:46:45.000000",1.0,6.74,1.0,N,234.0,42.0,2.0,24.0,0.5,0.5,0.0,0.0,0.3,27.8,2.5
2.0,"2019-08-07 21:26:14.000000","2019-08-07 21:56:41.000000",1.0,6.32,1.0,N,234.0,181.0,1.0,24.0,0.5,0.5,5.56,0.0,0.3,33.36,2.5
2.0,"2019-08-07 22:17:55.000000","2019-08-07 22:49:02.000000",1.0,5.84,1.0,N,234.0,166.0,1.0,24.0,0.5,0.5,8.34,0.0,0.3,36.14,2.5
2.0,"2019-08-08 02:32:57.000000","2019-08-08 02:57:49.000000",2.0,7.15,1.0,N,234.0,61.0,2.0,24.0,0.5,0.5,0.0,0.0,0.3,27.8,2.5
2.0,"2019-08-08 11:22:23.000000","2019-08-08 11:53:42.000000",1.0,5.26,1.0,N,234.0,261.0,1.0,24.0,0.0,0.5,6.82,0.0,0.3,34.12,2.5
2.0,"2019-08-08 11:04:34.000000","2019-08-08 11:27:48.000000",1.0,5.7,1.0,N,234.0,24.0,1.0,21.0,0.0,0.5,6.08,0.0,0.3,30.38,2.5
2.0,"2019-08-08 13:09:35.000000","2019-08-08 13:38:25.000000",1.0,5.82,1.0,N,234.0,261.0,1.0,24.0,0.0,0.5,1.0,0.0,0.3,28.3,2.5
1.0,"2019-08-08 14:27:59.000000","2019-08-08 15:10:04.000000",2.0,2.3,1.0,N,234.0,230.0,2.0,24.0,2.5,0.5,0.0,0.0,0.3,27.3,2.5
1.0,"2019-08-08 17:30:52.000000","2019-08-08 18:08:15.000000",1.0,3.9,1.0,N,234.0,239.0,2.0,24.0,3.5,0.5,0.0,0.0,0.3,28.3,2.5
2.0,"2019-08-08 18:44:08.000000","2019-08-08 19:19:05.000000",1.0,4.31,1.0,N,234.0,209.0,2.0,24.0,1.0,0.5,0.0,0.0,0.3,28.3,2.5
2.0,"2019-08-08 19:11:05.000000","2019-08-08 19:44:12.000000",1.0,5.18,1.0,N,234.0,255.0,1.0,24.0,1.0,0.5,6.88,6.12,0.3,41.3,2.5
2.0,"2019-08-08 19:11:48.000000","2019-08-08 19:37:08.000000",4.0,3.85,1.0,N,234.0,141.0,1.0,17.5,1.0,0.5,2.2,0.0,0.3,24.0,2.5
1.0,"2019-08-08 19:33:42.000000","2019-08-08 20:31:22.000000",1.0,20.9,1.0,N,234.0,109.0,1.0,62.0,3.0,0.5,24.0,24.48,0.3,114.28,2.5
1.0,"2019-08-08 20:04:14.000000","2019-08-08 20:35:45.000000",1.0,5.8,1.0,N,234.0,166.0,1.0,24.0,3.0,0.5,5.55,0.0,0.3,33.35,2.5
2.0,"2019-08-08 20:15:43.000000","2019-08-08 20:48:29.000000",5.0,5.03,1.0,N,234.0,24.0,1.0,23.0,0.5,0.5,5.36,0.0,0.3,32.16,2.5
2.0,"2019-08-08 20:05:31.000000","2019-08-08 20:41:32.000000",1.0,4.96,1.0,N,234.0,25.0,1.0,24.0,0.5,0.5,6.95,0.0,0.3,34.75,2.5
2.0,"2019-08-08 21:16:24.000000","2019-08-08 21:38:24.000000",1.0,4.44,1.0,N,234.0,24.0,1.0,18.0,0.5,0.5,4.36,0.0,0.3,26.16,2.5
1.0,"2019-08-08 21:15:55.000000","2019-08-08 21:51:30.000000",2.0,4.7,1.0,N,234.0,255.0,1.0,24.0,3.0,0.5,5.55,0.0,0.3,33.35,2.5
2.0,"2019-08-08 22:30:20.000000","2019-08-08 23:01:13.000000",1.0,5.91,1.0,N,234.0,255.0,1.0,24.0,0.5,0.5,5.56,0.0,0.3,33.36,2.5
1.0,"2019-08-08 22:57:42.000000","2019-08-08 23:27:13.000000",2.0,6.5,1.0,N,234.0,42.0,2.0,24.0,3.0,0.5,0.0,0.0,0.3,27.8,2.5
1.0,"2019-08-08 23:44:24.000000","2019-08-09 00:04:33.000000",2.0,6.0,1.0,N,234.0,24.0,1.0,20.5,3.0,0.5,7.25,0.0,0.3,31.55,2.5
1.0,"2019-08-09 00:01:28.000000","2019-08-09 00:23:34.000000",6.0,7.8,1.0,N,234.0,7.0,1.0,24.0,3.0,0.5,6.75,6.12,0.3,40.67,2.5
2.0,"2019-08-09 02:52:40.000000","2019-08-09 03:21:01.000000",5.0,6.84,1.0,N,234.0,37.0,1.0,24.0,0.5,0.5,5.56,0.0,0.3,33.36,2.5
1.0,"2019-08-09 04:28:12.000000","2019-08-09 04:57:48.000000",3.0,5.6,1.0,N,234.0,263.0,1.0,24.0,3.0,0.5,8.3,0.0,0.3,36.1,2.5
1.0,"2019-08-09 08:23:26.000000","2019-08-09 08:52:00.000000",1.0,6.6,1.0,N,234.0,33.0,1.0,24.0,2.5,0.5,6.65,6.12,0.3,40.07,2.5
2.0,"2019-08-09 11:43:27.000000","2019-08-09 12:10:24.000000",2.0,6.1,1.0,N,234.0,13.0,1.0,24.0,0.0,0.5,5.46,0.0,0.3,32.76,2.5
2.0,"2019-08-09 14:35:04.000000","2019-08-09 15:01:47.000000",1.0,7.13,1.0,N,234.0,40.0,1.0,24.0,0.0,0.5,3.0,0.0,0.3,30.3,2.5
2.0,"2019-08-09 15:08:58.000000","2019-08-09 15:35:29.000000",5.0,3.45,1.0,N,234.0,107.0,1.0,17.5,0.0,0.5,3.2,0.0,0.3,24.0,2.5
1.0,"2019-08-09 17:09:38.000000","2019-08-09 17:38:17.000000",0.0,6.7,1.0,N,234.0,52.0,1.0,24.0,3.5,0.5,5.65,0.0,0.3,33.95,2.5
2.0,"2019-08-09 17:34:43.000000","2019-08-09 18:02:33.000000",1.0,6.14,1.0,N,234.0,33.0,1.0,24.0,1.0,0.5,5.66,0.0,0.3,33.96,2.5
1.0,"2019-08-09 18:51:57.000000","2019-08-09 19:14:30.000000",1.0,7.3,1.0,N,234.0,116.0,1.0,24.0,3.5,0.5,0.0,0.0,0.3,28.3,2.5
2.0,"2019-08-09 18:16:12.000000","2019-08-09 18:49:55.000000",2.0,5.4,1.0,N,234.0,24.0,2.0,26.0,1.0,0.5,0.0,0.0,0.3,30.3,2.5
2.0,"2019-08-09 19:23:29.000000","2019-08-09 19:57:24.000000",2.0,5.37,1.0,N,234.0,49.0,1.0,24.0,1.0,0.5,6.3,0.0,0.3,34.6,2.5
2.0,"2019-08-09 20:10:41.000000","2019-08-09 20:28:36.000000",1.0,5.26,1.0,N,234.0,24.0,1.0,17.5,0.5,0.5,3.0,0.0,0.3,24.3,2.5
1.0,"2019-08-09 22:38:03.000000","2019-08-09 23:10:40.000000",1.0,6.6,1.0,N,234.0,7.0,1.0,24.0,3.0,0.5,5.55,0.0,0.3,33.35,2.5
1.0,"2019-08-09 22:44:02.000000","2019-08-09 23:14:22.000000",1.0,6.0,1.0,N,234.0,188.0,1.0,24.0,3.0,0.5,5.0,0.0,0.3,32.8,2.5
1.0,"2019-08-09 23:27:59.000000","2019-08-09 23:59:59.000000",2.0,5.7,1.0,N,234.0,36.0,1.0,24.0,3.0,0.5,8.3,0.0,0.3,36.1,2.5
1.0,"2019-08-10 02:33:39.000000","2019-08-10 03:01:21.000000",1.0,6.0,1.0,N,234.0,24.0,1.0,23.5,3.0,0.5,0.0,0.0,0.3,27.3,2.5
2.0,"2019-08-10 03:16:49.000000","2019-08-10 03:42:24.000000",1.0,6.87,1.0,N,234.0,223.0,1.0,24.0,0.5,0.5,5.56,0.0,0.3,33.36,2.5
1.0,"2019-08-10 04:01:21.000000","2019-08-10 04:25:53.000000",1.0,7.2,1.0,N,234.0,129.0,2.0,24.0,3.0,0.5,0.0,0.0,0.3,27.8,2.5
2.0,"2019-08-10 14:37:20.000000","2019-08-10 15:06:37.000000",1.0,5.31,1.0,N,234.0,87.0,2.0,24.0,0.0,0.5,0.0,0.0,0.3,27.3,2.5
1.0,"2019-08-10 16:36:11.000000","2019-08-10 17:04:12.000000",0.0,5.4,1.0,N,234.0,24.0,1.0,22.0,2.5,0.5,5.06,0.0,0.3,30.36,2.5
2.0,"2019-08-10 16:12:51.000000","2019-08-10 16:36:43.000000",1.0,7.05,1.0,N,234.0,152.0,1.0,24.0,0.0,0.5,2.0,0.0,0.3,29.3,2.5
2.0,"2019-08-10 18:26:34.000000","2019-08-10 18:54:54.000000",2.0,6.47,1.0,N,234.0,7.0,1.0,24.0,0.0,0.5,4.5,0.0,0.3,31.8,2.5
2.0,"2019-08-10 21:46:36.000000","2019-08-10 22:18:03.000000",1.0,6.02,1.0,N,234.0,181.0,1.0,24.0,0.5,0.5,6.95,0.0,0.3,34.75,2.5
1.0,"2019-08-10 22:54:54.000000","2019-08-10 23:21:29.000000",1.0,6.9,1.0,N,234.0,97.0,1.0,24.0,3.0,0.5,5.55,0.0,0.3,33.35,2.5
1.0,"2019-08-10 22:04:59.000000","2019-08-10 22:35:29.000000",1.0,6.0,1.0,N,234.0,49.0,1.0,24.0,3.0,0.5,5.55,0.0,0.3,33.35,2.5
2.0,"2019-08-10 22:31:02.000000","2019-08-10 23:00:05.000000",1.0,6.65,1.0,N,234.0,42.0,2.0,24.0,0.5,0.5,0.0,0.0,0.3,27.8,2.5
1.0,"2019-08-10 23:56:21.000000","2019-08-11 00:17:50.000000",1.0,7.7,1.0,N,234.0,41.0,1.0,24.0,3.0,0.5,5.55,0.0,0.3,33.35,2.5
2.0,"2019-08-11 00:47:08.000000","2019-08-11 01:08:37.000000",1.0,5.76,1.0,N,234.0,24.0,1.0,19.5,0.5,0.5,2.33,0.0,0.3,25.63,2.5
2.0,"2019-08-11 00:37:26.000000","2019-08-11 01:04:32.000000",2.0,6.76,1.0,N,234.0,17.0,1.0,24.0,0.5,0.5,6.95,0.0,0.3,34.75,2.5
2.0,"2019-08-11 01:41:09.000000","2019-08-11 01:56:55.000000",1.0,4.91,1.0,N,234.0,24.0,1.0,17.0,0.5,0.5,0.0,0.0,0.3,20.8,2.5
1.0,"2019-08-11 01:33:59.000000","2019-08-11 01:54:14.000000",1.0,5.0,1.0,N,234.0,97.0,1.0,18.5,3.0,0.5,1.7,0.0,0.3,24.0,2.5
1.0,"2019-08-11 02:03:28.000000","2019-08-11 02:27:38.000000",1.0,7.3,1.0,N,234.0,129.0,1.0,24.0,3.0,0.5,3.0,0.0,0.3,30.8,2.5
1.0,"2019-08-11 03:58:31.000000","2019-08-11 04:26:12.000000",2.0,6.6,1.0,N,234.0,42.0,2.0,24.0,3.0,0.5,0.0,0.0,0.3,27.8,2.5
2.0,"2019-08-11 03:04:22.000000","2019-08-11 03:30:06.000000",2.0,7.02,1.0,N,234.0,225.0,1.0,24.0,0.5,0.5,5.56,0.0,0.3,33.36,2.5
1.0,"2019-08-11 04:29:51.000000","2019-08-11 04:47:14.000000",1.0,5.4,1.0,N,234.0,24.0,1.0,18.0,3.0,0.5,4.0,0.0,0.3,25.8,2.5
2.0,"2019-08-11 05:08:50.000000","2019-08-11 05:31:42.000000",6.0,7.49,1.0,N,234.0,129.0,2.0,24.0,0.5,0.5,0.0,0.0,0.3,27.8,2.5
2.0,"2019-08-11 12:30:03.000000","2019-08-11 13:03:08.000000",1.0,5.7,1.0,N,234.0,181.0,2.0,24.0,0.0,0.5,0.0,0.0,0.3,27.3,2.5
1.0,"2019-08-11 14:29:57.000000","2019-08-11 14:59:45.000000",1.0,5.7,1.0,N,234.0,42.0,1.0,24.0,2.5,0.5,5.45,0.0,0.3,32.75,2.5
1.0,"2019-08-11 14:47:49.000000","2019-08-11 15:11:38.000000",1.0,5.6,1.0,N,234.0,24.0,1.0,22.0,2.5,0.5,6.3,0.0,0.3,31.6,2.5
2.0,"2019-08-11 15:01:51.000000","2019-08-11 15:34:51.000000",1.0,6.18,1.0,N,234.0,42.0,1.0,24.0,0.0,0.5,5.46,0.0,0.3,32.76,2.5
1.0,"2019-08-11 16:20:57.000000","2019-08-11 16:41:52.000000",1.0,7.4,1.0,N,234.0,129.0,2.0,24.0,2.5,0.5,0.0,6.12,0.3,33.42,2.5
1.0,"2019-08-11 17:41:15.000000","2019-08-11 18:11:24.000000",1.0,6.1,1.0,N,234.0,61.0,1.0,24.0,2.5,0.5,5.45,0.0,0.3,32.75,2.5
1.0,"2019-08-11 18:20:50.000000","2019-08-11 18:49:54.000000",1.0,5.6,1.0,N,234.0,151.0,1.0,24.0,2.5,0.5,5.45,0.0,0.3,32.75,2.5
1.0,"2019-08-11 18:00:14.000000","2019-08-11 18:26:16.000000",1.0,6.3,1.0,N,234.0,13.0,1.0,24.0,2.5,0.5,5.0,0.0,0.3,32.3,2.5
2.0,"2019-08-11 22:58:59.000000","2019-08-11 23:27:58.000000",5.0,6.38,1.0,N,234.0,7.0,1.0,24.0,0.5,0.5,5.56,0.0,0.3,33.36,2.5
1.0,"2019-08-12 00:04:11.000000","2019-08-12 00:28:44.000000",2.0,5.6,1.0,N,234.0,24.0,1.0,21.0,3.0,0.5,4.95,0.0,0.3,29.75,2.5
1.0,"2019-08-12 17:08:41.000000","2019-08-12 17:44:03.000000",0.0,5.6,1.0,N,234.0,75.0,1.0,24.0,1.0,0.5,0.0,0.0,0.3,25.8,0.0
1.0,"2019-08-12 17:38:07.000000","2019-08-12 18:04:43.000000",1.0,5.1,1.0,N,234.0,24.0,1.0,20.5,3.5,0.5,4.96,0.0,0.3,29.76,2.5
2.0,"2019-08-12 19:33:28.000000","2019-08-12 20:02:06.000000",2.0,6.61,1.0,N,234.0,97.0,1.0,24.0,1.0,0.5,2.0,0.0,0.3,30.3,2.5
2.0,"2019-08-12 19:20:45.000000","2019-08-12 19:48:30.000000",1.0,7.18,1.0,N,234.0,25.0,1.0,24.0,1.0,0.5,5.66,0.0,0.3,33.96,2.5
2.0,"2019-08-12 20:17:32.000000","2019-08-12 20:38:22.000000",1.0,5.59,1.0,N,234.0,24.0,1.0,19.0,0.5,0.5,4.56,0.0,0.3,27.36,2.5
2.0,"2019-08-12 20:18:10.000000","2019-08-12 20:40:38.000000",3.0,4.76,1.0,N,234.0,24.0,1.0,19.5,0.5,0.5,5.82,0.0,0.3,29.12,2.5
2.0,"2019-08-12 20:15:06.000000","2019-08-12 20:38:30.000000",6.0,5.17,1.0,N,234.0,24.0,1.0,19.0,0.5,0.5,4.56,0.0,0.3,27.36,2.5
2.0,"2019-08-12 20:52:10.000000","2019-08-12 21:19:44.000000",1.0,7.03,1.0,N,234.0,40.0,1.0,24.0,0.5,0.5,5.56,0.0,0.3,33.36,2.5
2.0,"2019-08-12 21:41:22.000000","2019-08-12 22:12:20.000000",1.0,5.98,1.0,N,234.0,140.0,1.0,24.0,0.5,0.5,5.56,0.0,0.3,33.36,2.5
1.0,"2019-08-12 21:29:42.000000","2019-08-12 21:57:01.000000",1.0,7.2,1.0,N,234.0,228.0,1.0,24.0,3.0,0.5,5.55,0.0,0.3,33.35,2.5
2.0,"2019-08-12 21:24:04.000000","2019-08-12 21:44:54.000000",2.0,4.18,1.0,N,234.0,33.0,1.0,17.0,0.5,0.5,3.2,0.0,0.3,24.0,2.5
1.0,"2019-08-12 21:42:16.000000","2019-08-12 22:11:20.000000",1.0,6.2,1.0,N,234.0,225.0,1.0,24.0,3.0,0.5,5.56,0.0,0.3,33.36,2.5
2.0,"2019-08-12 22:02:09.000000","2019-08-12 22:25:03.000000",1.0,7.17,1.0,N,234.0,168.0,1.0,24.0,0.5,0.5,2.0,0.0,0.3,29.8,2.5
2.0,"2019-08-12 23:04:27.000000","2019-08-12 23:30:43.000000",5.0,7.0,1.0,N,234.0,89.0,1.0,24.0,0.5,0.5,5.56,0.0,0.3,33.36,2.5
1.0,"2019-08-12 23:33:21.000000","2019-08-12 23:52:08.000000",0.0,5.6,1.0,N,234.0,41.0,1.0,18.5,3.0,0.5,1.7,0.0,0.3,24.0,2.5
2.0,"2019-08-13 02:48:41.000000","2019-08-13 03:03:08.000000",1.0,5.18,1.0,N,234.0,24.0,1.0,16.0,0.5,0.5,4.0,0.0,0.3,23.8,2.5
2.0,"2019-08-13 03:15:24.000000","2019-08-13 03:46:42.000000",1.0,6.52,1.0,N,234.0,129.0,1.0,24.0,0.5,0.5,0.0,0.0,0.3,27.8,2.5
2.0,"2019-08-13 10:34:12.000000","2019-08-13 11:08:25.000000",2.0,4.61,1.0,N,234.0,239.0,1.0,24.0,0.0,0.5,2.5,0.0,0.3,29.8,2.5
1.0,"2019-08-13 12:20:18.000000","2019-08-13 12:51:34.000000",1.0,2.3,1.0,N,234.0,162.0,1.0,19.0,2.5,0.5,1.7,0.0,0.3,24.0,2.5
2.0,"2019-08-13 12:51:47.000000","2019-08-13 13:26:57.000000",1.0,4.89,1.0,N,234.0,151.0,2.0,24.0,0.0,0.5,0.0,0.0,0.3,27.3,2.5
2.0,"2019-08-13 12:21:25.000000","2019-08-13 12:50:28.000000",1.0,5.98,1.0,N,234.0,263.0,1.0,24.0,0.0,0.5,3.0,0.0,0.3,30.3,2.5
2.0,"2019-08-13 13:25:20.000000","2019-08-13 13:49:32.000000",1.0,4.81,1.0,N,234.0,24.0,1.0,19.0,0.0,0.5,3.0,0.0,0.3,25.3,2.5
2.0,"2019-08-13 14:23:52.000000","2019-08-13 14:52:17.000000",1.0,6.02,1.0,N,234.0,24.0,1.0,24.0,0.0,0.5,4.1,0.0,0.3,31.4,2.5
2.0,"2019-08-13 14:55:22.000000","2019-08-13 15:32:11.000000",1.0,4.37,1.0,N,234.0,151.0,1.0,24.0,0.0,0.5,5.46,0.0,0.3,32.76,2.5
1.0,"2019-08-13 16:54:01.000000","2019-08-13 17:25:44.000000",1.0,6.0,1.0,N,234.0,33.0,1.0,24.0,3.5,0.5,2.2,0.0,0.3,30.5,2.5
1.0,"2019-08-13 17:37:21.000000","2019-08-13 18:11:15.000000",1.0,4.9,1.0,N,234.0,166.0,1.0,24.0,3.5,0.5,3.0,0.0,0.3,31.3,2.5
2.0,"2019-08-13 17:52:28.000000","2019-08-13 18:30:26.000000",1.0,3.9,1.0,N,234.0,236.0,1.0,24.0,1.0,0.5,5.66,0.0,0.3,33.96,2.5
2.0,"2019-08-13 19:42:55.000000","2019-08-13 20:01:16.000000",1.0,5.86,1.0,N,234.0,24.0,1.0,19.5,1.0,0.5,0.0,0.0,0.3,23.8,2.5
2.0,"2019-08-13 19:43:48.000000","2019-08-13 20:05:34.000000",1.0,7.42,1.0,N,234.0,152.0,1.0,24.0,1.0,0.5,5.66,0.0,0.3,33.96,2.5
2.0,"2019-08-13 19:28:25.000000","2019-08-13 19:51:35.000000",1.0,7.08,1.0,N,234.0,166.0,2.0,24.0,1.0,0.5,0.0,0.0,0.3,28.3,2.5
2.0,"2019-08-13 19:23:07.000000","2019-08-13 19:55:58.000000",1.0,5.81,1.0,N,234.0,41.0,1.0,24.0,1.0,0.5,5.66,0.0,0.3,33.96,2.5
1.0,"2019-08-13 20:29:23.000000","2019-08-13 20:50:33.000000",1.0,5.5,1.0,N,234.0,24.0,1.0,18.5,3.0,0.5,4.45,0.0,0.3,26.75,2.5
1.0,"2019-08-13 20:55:09.000000","2019-08-13 21:17:31.000000",1.0,4.1,1.0,N,234.0,236.0,1.0,17.5,3.0,0.5,2.7,0.0,0.3,24.0,2.5
2.0,"2019-08-13 21:18:34.000000","2019-08-13 21:45:19.000000",1.0,5.96,1.0,N,234.0,24.0,1.0,21.5,0.5,0.5,3.5,0.0,0.3,28.8,2.5
1.0,"2019-08-13 21:21:59.000000","2019-08-13 21:48:15.000000",1.0,5.6,1.0,N,234.0,24.0,1.0,21.0,3.0,0.5,4.95,0.0,0.3,29.75,2.5
2.0,"2019-08-13 21:33:26.000000","2019-08-13 21:53:36.000000",1.0,6.06,1.0,N,234.0,24.0,1.0,20.5,0.5,0.5,4.86,0.0,0.3,29.16,2.5
2.0,"2019-08-13 22:47:25.000000","2019-08-13 23:15:29.000000",1.0,6.78,1.0,N,234.0,7.0,1.0,24.0,0.5,0.5,10.0,0.0,0.3,37.8,2.5
2.0,"2019-08-13 23:19:36.000000","2019-08-13 23:49:13.000000",1.0,6.83,1.0,N,234.0,129.0,1.0,24.0,0.5,0.5,5.56,0.0,0.3,33.36,2.5
2.0,"2019-08-14 00:16:38.000000","2019-08-14 00:45:06.000000",1.0,6.55,1.0,N,234.0,83.0,2.0,24.0,0.5,0.5,0.0,0.0,0.3,27.8,2.5
2.0,"2019-08-14 01:12:03.000000","2019-08-14 01:31:30.000000",1.0,6.23,1.0,N,234.0,24.0,1.0,21.0,0.5,0.5,3.0,0.0,0.3,27.8,2.5
1.0,"2019-08-14 02:35:04.000000","2019-08-14 02:55:02.000000",1.0,7.6,1.0,N,234.0,116.0,1.0,24.0,3.0,0.5,2.78,0.0,0.3,30.58,2.5
2.0,"2019-08-14 03:33:56.000000","2019-08-14 03:49:06.000000",1.0,5.06,1.0,N,234.0,24.0,1.0,16.5,0.5,0.5,4.0,0.0,0.3,24.3,2.5
2.0,"2019-08-14 15:34:07.000000","2019-08-14 16:12:02.000000",1.0,4.4,1.0,N,234.0,75.0,2.0,24.0,0.0,0.5,0.0,0.0,0.3,27.3,2.5
1.0,"2019-08-14 15:35:34.000000","2019-08-14 16:04:20.000000",1.0,4.8,1.0,N,234.0,24.0,2.0,21.5,2.5,0.5,0.0,0.0,0.3,24.8,2.5
1.0,"2019-08-14 15:57:51.000000","2019-08-14 16:36:10.000000",1.0,4.3,1.0,N,234.0,12.0,1.0,24.0,2.5,0.5,5.45,0.0,0.3,32.75,2.5
1.0,"2019-08-14 16:56:49.000000","2019-08-14 17:32:26.000000",2.0,4.6,1.0,N,234.0,236.0,1.0,24.0,3.5,0.5,7.05,0.0,0.3,35.35,2.5
2.0,"2019-08-14 19:13:30.000000","2019-08-14 19:49:54.000000",1.0,5.07,1.0,N,234.0,181.0,1.0,24.0,1.0,0.5,5.66,0.0,0.3,35.91,2.5
2.0,"2019-08-14 20:26:53.000000","2019-08-14 20:58:08.000000",1.0,6.48,1.0,N,234.0,188.0,2.0,24.0,0.5,0.5,0.0,0.0,0.3,27.8,2.5
1.0,"2019-08-14 20:50:48.000000","2019-08-14 21:16:09.000000",2.0,5.2,1.0,N,234.0,24.0,1.0,20.5,3.0,0.5,4.85,0.0,0.3,29.15,2.5
2.0,"2019-08-14 20:56:41.000000","2019-08-14 21:25:19.000000",1.0,6.6,1.0,N,234.0,24.0,1.0,25.0,0.5,0.5,5.76,0.0,0.3,34.56,2.5
2.0,"2019-08-14 22:46:43.000000","2019-08-14 23:09:11.000000",1.0,5.26,1.0,N,234.0,24.0,1.0,19.0,0.5,0.5,4.56,0.0,0.3,27.36,2.5
2.0,"2019-08-14 22:33:12.000000","2019-08-14 23:02:35.000000",3.0,6.43,1.0,N,234.0,179.0,1.0,24.0,0.5,0.5,8.34,0.0,0.3,36.14,2.5
2.0,"2019-08-14 23:36:07.000000","2019-08-15 00:03:59.000000",1.0,6.68,1.0,N,234.0,7.0,1.0,24.0,0.5,0.5,10.0,0.0,0.3,37.8,2.5
1.0,"2019-08-15 00:29:36.000000","2019-08-15 00:47:34.000000",1.0,7.9,1.0,N,234.0,42.0,1.0,24.0,3.0,0.5,5.55,0.0,0.3,33.35,2.5
2.0,"2019-08-15 10:17:25.000000","2019-08-15 10:59:33.000000",1.0,2.54,1.0,N,234.0,237.0,1.0,24.0,0.0,0.5,5.46,0.0,0.3,32.76,2.5
1.0,"2019-08-15 10:22:42.000000","2019-08-15 11:00:58.000000",2.0,4.1,1.0,N,234.0,236.0,1.0,24.0,2.5,0.5,8.15,0.0,0.3,35.45,2.5
1.0,"2019-08-15 11:21:51.000000","2019-08-15 12:01:27.000000",2.0,3.6,1.0,N,234.0,142.0,1.0,24.0,2.5,0.5,5.46,0.0,0.3,32.76,2.5
1.0,"2019-08-15 12:31:21.000000","2019-08-15 13:08:35.000000",1.0,4.1,1.0,N,234.0,143.0,1.0,24.0,2.5,0.5,1.0,0.0,0.3,28.3,2.5
2.0,"2019-08-15 13:46:05.000000","2019-08-15 14:15:13.000000",2.0,5.63,1.0,N,234.0,88.0,1.0,24.0,0.0,0.5,5.0,0.0,0.3,32.3,2.5
2.0,"2019-08-15 14:51:47.000000","2019-08-15 15:07:55.000000",1.0,4.9,1.0,N,234.0,261.0,1.0,17.0,0.0,0.5,3.7,0.0,0.3,24.0,2.5
2.0,"2019-08-15 14:11:28.000000","2019-08-15 14:41:44.000000",1.0,5.79,1.0,N,234.0,151.0,1.0,24.0,0.0,0.5,5.46,0.0,0.3,32.76,2.5
1.0,"2019-08-15 15:28:32.000000","2019-08-15 16:08:42.000000",2.0,3.4,1.0,N,234.0,236.0,2.0,24.0,2.5,0.5,0.0,0.0,0.3,27.3,2.5
2.0,"2019-08-15 17:23:18.000000","2019-08-15 17:59:37.000000",1.0,4.54,1.0,N,234.0,255.0,2.0,24.0,1.0,0.5,0.0,0.0,0.3,28.3,2.5
1.0,"2019-08-15 17:24:51.000000","2019-08-15 17:58:58.000000",2.0,4.6,1.0,N,234.0,256.0,1.0,24.0,3.5,0.5,5.65,0.0,0.3,33.95,2.5
2.0,"2019-08-15 18:55:54.000000","2019-08-15 19:27:28.000000",1.0,6.12,1.0,N,234.0,66.0,1.0,24.0,1.0,0.5,2.0,0.0,0.3,30.3,2.5
2.0,"2019-08-15 19:11:10.000000","2019-08-15 19:33:59.000000",2.0,4.11,1.0,N,234.0,236.0,1.0,18.0,1.0,0.5,1.7,0.0,0.3,24.0,2.5
2.0,"2019-08-15 19:00:28.000000","2019-08-15 19:27:12.000000",2.0,5.87,1.0,N,234.0,24.0,1.0,22.5,3.5,0.5,0.03,0.0,0.3,26.83,0.0
2.0,"2019-08-15 19:19:40.000000","2019-08-15 19:47:43.000000",1.0,6.98,1.0,N,234.0,97.0,1.0,24.0,1.0,0.5,5.66,0.0,0.3,33.96,2.5
2.0,"2019-08-15 20:00:15.000000","2019-08-15 20:30:41.000000",3.0,5.93,1.0,N,234.0,42.0,1.0,24.0,0.5,0.5,5.56,0.0,0.3,33.36,2.5
1.0,"2019-08-15 20:45:18.000000","2019-08-15 21:04:24.000000",1.0,4.0,1.0,N,234.0,262.0,1.0,15.5,3.0,0.5,4.7,0.0,0.3,24.0,2.5
2.0,"2019-08-15 20:41:46.000000","2019-08-15 21:08:10.000000",1.0,6.13,1.0,N,234.0,24.0,1.0,22.5,0.5,0.5,5.26,0.0,0.3,31.56,2.5
2.0,"2019-08-15 20:00:01.000000","2019-08-15 20:28:11.000000",4.0,5.97,1.0,N,234.0,24.0,2.0,23.5,0.5,0.5,0.0,0.0,0.3,27.3,2.5
2.0,"2019-08-15 20:37:48.000000","2019-08-15 21:10:05.000000",1.0,5.67,1.0,N,234.0,40.0,1.0,24.0,0.5,0.5,5.56,0.0,0.3,33.36,2.5
2.0,"2019-08-15 20:09:58.000000","2019-08-15 20:42:06.000000",1.0,5.74,1.0,N,234.0,179.0,1.0,24.0,0.5,0.5,2.75,0.0,0.3,30.55,2.5
2.0,"2019-08-15 21:16:40.000000","2019-08-15 21:51:34.000000",4.0,4.96,1.0,N,234.0,181.0,1.0,24.0,0.5,0.5,5.56,0.0,0.3,33.36,2.5
2.0,"2019-08-15 22:08:05.000000","2019-08-15 22:39:16.000000",4.0,6.63,1.0,N,234.0,181.0,1.0,24.0,0.5,0.5,6.95,0.0,0.3,34.75,2.5
2.0,"2019-08-15 22:23:31.000000","2019-08-15 22:43:25.000000",1.0,4.07,1.0,N,234.0,13.0,1.0,16.5,0.5,0.5,3.7,0.0,0.3,24.0,2.5
2.0,"2019-08-15 23:52:49.000000","2019-08-16 00:11:27.000000",1.0,8.2,1.0,N,234.0,168.0,2.0,24.0,0.5,0.5,0.0,0.0,0.3,27.8,2.5
1.0,"2019-08-16 00:21:30.000000","2019-08-16 00:52:45.000000",1.0,5.5,1.0,N,234.0,37.0,1.0,24.0,3.0,0.5,5.55,0.0,0.3,33.35,2.5
1.0,"2019-08-16 06:33:22.000000","2019-08-16 06:53:51.000000",1.0,5.3,1.0,N,234.0,24.0,2.0,18.5,2.5,0.5,0.0,0.0,0.3,21.8,2.5
2.0,"2019-08-16 11:08:16.000000","2019-08-16 11:37:37.000000",6.0,5.74,1.0,N,234.0,261.0,2.0,24.0,0.0,0.5,0.0,0.0,0.3,27.3,2.5
1.0,"2019-08-16 13:45:44.000000","2019-08-16 14:18:00.000000",1.0,6.1,1.0,N,234.0,24.0,1.0,25.5,2.5,0.5,5.75,0.0,0.3,34.55,2.5
1.0,"2019-08-16 13:35:49.000000","2019-08-16 14:02:14.000000",1.0,4.7,1.0,N,234.0,24.0,1.0,19.5,2.5,0.5,5.7,0.0,0.3,28.5,2.5
2.0,"2019-08-16 14:15:23.000000","2019-08-16 14:48:58.000000",3.0,4.88,1.0,N,234.0,145.0,1.0,24.0,0.0,0.5,5.46,0.0,0.3,32.76,2.5
2.0,"2019-08-16 16:02:28.000000","2019-08-16 16:35:27.000000",1.0,5.32,1.0,N,234.0,17.0,1.0,24.0,1.0,0.5,5.66,0.0,0.3,33.96,2.5
1.0,"2019-08-16 19:38:29.000000","2019-08-16 20:07:28.000000",1.0,5.2,1.0,N,234.0,24.0,2.0,19.0,3.5,0.5,0.0,0.0,0.3,23.3,2.5
2.0,"2019-08-16 19:32:53.000000","2019-08-16 19:53:43.000000",1.0,6.1,1.0,N,234.0,24.0,1.0,21.0,1.0,0.5,6.32,0.0,0.3,31.62,2.5
1.0,"2019-08-16 20:54:40.000000","2019-08-16 21:23:03.000000",1.0,6.4,1.0,N,234.0,223.0,1.0,24.0,3.0,0.5,5.55,0.0,0.3,33.35,2.5
2.0,"2019-08-16 20:38:04.000000","2019-08-16 21:01:55.000000",1.0,6.08,1.0,N,234.0,24.0,2.0,22.5,0.5,0.5,0.0,0.0,0.3,26.3,2.5
2.0,"2019-08-16 21:09:36.000000","2019-08-16 21:35:02.000000",1.0,6.2,1.0,N,234.0,24.0,2.0,23.0,0.5,0.5,0.0,0.0,0.3,26.8,2.5
2.0,"2019-08-16 22:30:18.000000","2019-08-16 23:00:46.000000",1.0,5.78,1.0,N,234.0,7.0,1.0,24.0,0.5,0.5,5.56,0.0,0.3,33.36,2.5
2.0,"2019-08-16 23:07:54.000000","2019-08-16 23:27:10.000000",1.0,5.27,1.0,N,234.0,24.0,1.0,17.5,0.5,0.5,4.26,0.0,0.3,25.56,2.5
2.0,"2019-08-16 23:33:19.000000","2019-08-17 00:05:56.000000",1.0,6.4,1.0,N,234.0,17.0,1.0,24.0,0.5,0.5,5.56,0.0,0.3,33.36,2.5
1.0,"2019-08-16 23:04:36.000000","2019-08-16 23:35:29.000000",2.0,5.5,1.0,N,234.0,112.0,1.0,24.0,3.0,0.5,8.3,0.0,0.3,36.1,2.5
1.0,"2019-08-17 00:23:13.000000","2019-08-17 00:51:41.000000",1.0,6.2,1.0,N,234.0,223.0,1.0,24.0,3.0,0.5,5.55,0.0,0.3,33.35,2.5
2.0,"2019-08-17 00:06:39.000000","2019-08-17 00:28:13.000000",5.0,7.33,1.0,N,234.0,129.0,1.0,24.0,0.5,0.5,6.78,6.12,0.3,40.7,2.5
1.0,"2019-08-17 00:44:00.000000","2019-08-17 01:10:21.000000",2.0,5.8,1.0,N,234.0,24.0,1.0,21.5,3.0,0.5,5.05,0.0,0.3,30.35,2.5
1.0,"2019-08-17 01:01:02.000000","2019-08-17 01:30:35.000000",1.0,5.5,1.0,N,234.0,112.0,1.0,24.0,3.0,0.5,4.17,0.0,0.3,31.97,2.5
2.0,"2019-08-17 01:58:10.000000","2019-08-17 02:25:05.000000",1.0,6.64,1.0,N,234.0,42.0,1.0,24.0,0.5,0.5,5.56,0.0,0.3,33.36,2.5
1.0,"2019-08-17 01:36:41.000000","2019-08-17 01:56:41.000000",1.0,5.2,1.0,N,234.0,24.0,1.0,19.0,3.0,0.5,4.0,0.0,0.3,26.8,2.5
1.0,"2019-08-17 02:15:59.000000","2019-08-17 02:42:06.000000",1.0,7.0,1.0,N,234.0,82.0,2.0,24.0,3.0,0.5,0.0,0.0,0.3,27.8,2.5
1.0,"2019-08-17 03:23:47.000000","2019-08-17 03:44:39.000000",1.0,3.9,1.0,N,234.0,256.0,1.0,17.0,3.0,0.5,3.2,0.0,0.3,24.0,2.5
2.0,"2019-08-17 05:09:22.000000","2019-08-17 05:40:17.000000",1.0,5.54,1.0,N,234.0,193.0,1.0,24.0,0.5,0.5,0.0,0.0,0.3,27.8,2.5
2.0,"2019-08-17 08:43:50.000000","2019-08-17 09:08:46.000000",5.0,5.34,1.0,N,234.0,24.0,2.0,19.0,0.0,0.5,0.0,0.0,0.3,22.3,2.5
1.0,"2019-08-17 10:11:26.000000","2019-08-17 10:42:40.000000",1.0,4.8,1.0,N,234.0,239.0,2.0,24.0,2.5,0.5,0.0,0.0,0.3,27.3,2.5
2.0,"2019-08-17 11:40:05.000000","2019-08-17 12:22:12.000000",1.0,2.41,1.0,N,234.0,209.0,1.0,24.0,0.0,0.5,5.46,0.0,0.3,32.76,2.5
1.0,"2019-08-17 11:36:38.000000","2019-08-17 12:13:16.000000",1.0,4.4,1.0,N,234.0,263.0,1.0,24.0,2.5,0.5,5.45,0.0,0.3,32.75,2.5
2.0,"2019-08-17 11:43:29.000000","2019-08-17 12:21:44.000000",1.0,3.52,1.0,N,234.0,237.0,1.0,24.0,0.0,0.5,5.46,0.0,0.3,32.76,2.5
2.0,"2019-08-17 12:21:59.000000","2019-08-17 12:54:09.000000",1.0,5.19,1.0,N,234.0,87.0,1.0,24.0,0.0,0.5,5.46,0.0,0.3,32.76,2.5
2.0,"2019-08-17 12:32:24.000000","2019-08-17 13:08:54.000000",2.0,5.0,1.0,N,234.0,262.0,1.0,24.0,0.0,0.5,5.46,0.0,0.3,32.76,2.5
2.0,"2019-08-17 12:37:40.000000","2019-08-17 13:02:46.000000",1.0,3.2,1.0,N,234.0,142.0,1.0,17.5,0.0,0.5,3.2,0.0,0.3,24.0,2.5
2.0,"2019-08-17 14:25:44.000000","2019-08-17 14:54:47.000000",1.0,6.28,1.0,N,234.0,166.0,1.0,24.0,0.0,0.5,6.82,0.0,0.3,34.12,2.5
2.0,"2019-08-17 17:30:49.000000","2019-08-17 17:58:51.000000",2.0,6.17,1.0,N,234.0,255.0,1.0,24.0,0.0,0.5,5.46,0.0,0.3,32.76,2.5
2.0,"2019-08-17 18:26:11.000000","2019-08-17 18:50:28.000000",1.0,5.77,1.0,N,234.0,24.0,1.0,21.5,0.0,0.5,4.96,0.0,0.3,29.76,2.5
2.0,"2019-08-17 18:06:28.000000","2019-08-17 18:33:22.000000",1.0,5.55,1.0,N,234.0,24.0,1.0,22.5,0.0,0.5,2.0,0.0,0.3,27.8,2.5
1.0,"2019-08-17 18:47:27.000000","2019-08-17 19:22:07.000000",2.0,5.2,1.0,N,234.0,49.0,1.0,24.0,2.5,0.5,4.1,0.0,0.3,31.4,2.5
1.0,"2019-08-17 18:06:03.000000","2019-08-17 18:39:17.000000",1.0,6.1,1.0,N,234.0,61.0,1.0,24.0,2.5,0.5,2.0,0.0,0.3,29.3,2.5
1.0,"2019-08-17 20:35:20.000000","2019-08-17 20:56:34.000000",1.0,7.3,1.0,N,234.0,152.0,1.0,24.0,3.0,0.5,4.0,0.0,0.3,31.8,2.5
1.0,"2019-08-17 22:19:52.000000","2019-08-17 22:43:27.000000",1.0,5.5,1.0,N,234.0,24.0,1.0,20.0,3.0,0.5,4.75,0.0,0.3,28.55,2.5
2.0,"2019-08-17 23:10:26.000000","2019-08-17 23:40:25.000000",1.0,6.27,1.0,N,234.0,262.0,1.0,24.0,0.5,0.5,6.95,0.0,0.3,34.75,2.5
2.0,"2019-08-17 23:18:46.000000","2019-08-17 23:50:01.000000",4.0,5.79,1.0,N,234.0,24.0,2.0,24.5,0.5,0.5,0.0,0.0,0.3,28.3,2.5
2.0,"2019-08-17 23:21:34.000000","2019-08-17 23:45:28.000000",1.0,7.52,1.0,N,234.0,42.0,1.0,24.0,0.5,0.5,5.56,0.0,0.3,33.36,2.5
2.0,"2019-08-18 00:17:20.000000","2019-08-18 00:39:12.000000",2.0,5.09,1.0,N,234.0,24.0,2.0,19.0,0.5,0.5,0.0,0.0,0.3,22.8,2.5
2.0,"2019-08-18 01:45:48.000000","2019-08-18 02:11:48.000000",1.0,7.16,1.0,N,234.0,223.0,2.0,24.0,0.5,0.5,0.0,0.0,0.3,27.8,2.5
2.0,"2019-08-18 03:27:19.000000","2019-08-18 03:46:24.000000",1.0,5.06,1.0,N,234.0,113.0,1.0,18.0,0.5,0.5,2.2,0.0,0.3,24.0,2.5
2.0,"2019-08-18 06:26:32.000000","2019-08-18 06:51:09.000000",1.0,7.2,1.0,N,234.0,83.0,1.0,24.0,0.0,0.5,5.46,0.0,0.3,32.76,2.5
2.0,"2019-08-18 09:40:01.000000","2019-08-18 10:05:54.000000",1.0,6.69,1.0,N,234.0,36.0,2.0,24.0,0.0,0.5,0.0,0.0,0.3,27.3,2.5
2.0,"2019-08-18 12:15:25.000000","2019-08-18 12:42:46.000000",1.0,6.36,1.0,N,234.0,151.0,1.0,24.0,0.0,0.5,3.0,0.0,0.3,30.3,2.5
2.0,"2019-08-18 15:06:35.000000","2019-08-19 14:58:18.000000",1.0,5.04,1.0,N,234.0,24.0,2.0,22.0,0.0,0.5,0.0,0.0,0.3,25.3,2.5
2.0,"2019-08-18 16:32:57.000000","2019-08-18 16:57:05.000000",1.0,5.7,1.0,N,234.0,24.0,1.0,21.5,0.0,0.5,4.96,0.0,0.3,29.76,2.5
2.0,"2019-08-18 16:17:07.000000","2019-08-18 16:39:05.000000",1.0,7.85,1.0,N,234.0,129.0,2.0,24.0,0.0,0.5,0.0,6.12,0.3,33.42,2.5
1.0,"2019-08-18 17:53:13.000000","2019-08-18 18:15:56.000000",1.0,4.1,1.0,N,234.0,239.0,1.0,17.5,2.5,0.5,3.2,0.0,0.3,24.0,2.5
2.0,"2019-08-18 18:59:09.000000","2019-08-18 19:22:22.000000",1.0,7.54,1.0,N,234.0,257.0,2.0,24.0,0.0,0.5,0.0,6.12,0.3,33.42,2.5
2.0,"2019-08-18 19:24:17.000000","2019-08-18 19:49:41.000000",2.0,5.21,1.0,N,234.0,24.0,1.0,21.0,0.0,0.5,4.86,0.0,0.3,29.16,2.5
2.0,"2019-08-18 20:43:11.000000","2019-08-18 21:03:46.000000",1.0,7.54,1.0,N,234.0,152.0,1.0,24.0,0.5,0.5,5.56,0.0,0.3,33.36,2.5
1.0,"2019-08-18 22:09:09.000000","2019-08-18 22:25:08.000000",2.0,4.6,1.0,N,234.0,24.0,1.0,16.0,3.0,0.5,3.56,0.0,0.3,23.36,2.5
2.0,"2019-08-19 01:05:16.000000","2019-08-19 01:28:13.000000",2.0,7.85,1.0,N,234.0,69.0,1.0,24.0,0.5,0.5,8.34,0.0,0.3,36.14,2.5
2.0,"2019-08-19 09:09:35.000000","2019-08-19 09:35:10.000000",1.0,2.88,1.0,N,234.0,236.0,1.0,17.0,0.0,0.5,3.7,0.0,0.3,24.0,2.5
2.0,"2019-08-19 17:18:41.000000","2019-08-19 17:44:13.000000",1.0,5.93,1.0,N,234.0,24.0,1.0,23.0,1.0,0.5,5.46,0.0,0.3,32.76,2.5
2.0,"2019-08-19 17:22:10.000000","2019-08-19 17:54:39.000000",1.0,6.15,1.0,N,234.0,142.0,1.0,24.0,1.0,0.5,5.66,0.0,0.3,33.96,2.5
2.0,"2019-08-19 18:19:59.000000","2019-08-19 18:53:48.000000",1.0,5.12,1.0,N,234.0,189.0,1.0,24.0,1.0,0.5,5.66,0.0,0.3,33.96,2.5
2.0,"2019-08-19 18:50:00.000000","2019-08-19 19:09:21.000000",1.0,6.0,1.0,N,234.0,24.0,1.0,20.0,1.0,0.5,4.86,0.0,0.3,29.16,2.5
2.0,"2019-08-19 20:17:44.000000","2019-08-19 20:39:54.000000",2.0,5.49,1.0,N,234.0,24.0,1.0,18.5,0.5,0.5,4.46,0.0,0.3,26.76,2.5
1.0,"2019-08-19 20:05:17.000000","2019-08-19 20:28:32.000000",1.0,6.0,1.0,N,234.0,24.0,1.0,22.0,3.0,0.5,5.15,0.0,0.3,30.95,2.5
2.0,"2019-08-19 21:27:51.000000","2019-08-19 21:47:31.000000",1.0,5.72,1.0,N,234.0,24.0,2.0,18.5,0.5,0.5,0.0,0.0,0.3,22.3,2.5
1.0,"2019-08-19 21:26:52.000000","2019-08-19 21:44:29.000000",1.0,4.6,1.0,N,234.0,24.0,1.0,16.5,3.0,0.5,4.05,0.0,0.3,24.35,2.5
2.0,"2019-08-19 21:04:28.000000","2019-08-19 21:23:03.000000",1.0,4.76,1.0,N,234.0,24.0,1.0,16.5,0.5,0.5,4.06,0.0,0.3,24.36,2.5
2.0,"2019-08-19 21:05:57.000000","2019-08-19 21:29:07.000000",1.0,6.06,1.0,N,234.0,24.0,1.0,22.0,0.5,0.5,5.16,0.0,0.3,30.96,2.5
2.0,"2019-08-19 22:56:56.000000","2019-08-19 23:17:31.000000",1.0,7.42,1.0,N,234.0,116.0,1.0,24.0,0.5,0.5,6.0,0.0,0.3,33.8,2.5
2.0,"2019-08-20 00:16:20.000000","2019-08-20 00:43:25.000000",1.0,7.09,1.0,N,234.0,181.0,1.0,24.0,0.5,0.5,6.95,0.0,0.3,34.75,2.5
2.0,"2019-08-20 03:05:06.000000","2019-08-20 03:21:02.000000",1.0,5.26,1.0,N,234.0,24.0,2.0,17.0,0.5,0.5,0.0,0.0,0.3,20.8,2.5
2.0,"2019-08-20 03:09:49.000000","2019-08-20 03:25:22.000000",2.0,4.74,1.0,N,234.0,24.0,2.0,16.5,0.5,0.5,0.0,0.0,0.3,20.3,2.5
1.0,"2019-08-20 09:33:59.000000","2019-08-20 10:03:24.000000",1.0,5.8,1.0,N,234.0,80.0,1.0,24.0,2.5,0.5,0.0,0.0,0.3,27.3,2.5
2.0,"2019-08-20 10:17:55.000000","2019-08-20 10:55:09.000000",1.0,4.01,1.0,N,234.0,66.0,1.0,24.0,0.0,0.5,1.5,0.0,0.3,28.8,2.5
2.0,"2019-08-20 12:06:08.000000","2019-08-20 12:31:23.000000",1.0,6.8,1.0,N,234.0,160.0,2.0,24.0,0.0,0.5,0.0,6.12,0.3,33.42,2.5
1.0,"2019-08-20 13:22:02.000000","2019-08-20 13:54:31.000000",4.0,5.7,1.0,N,234.0,158.0,1.0,24.0,2.5,0.5,3.0,0.0,0.3,30.3,2.5
1.0,"2019-08-20 14:01:49.000000","2019-08-20 14:33:48.000000",3.0,6.3,1.0,N,234.0,74.0,1.0,24.0,2.5,0.5,5.45,0.0,0.3,32.75,2.5
2.0,"2019-08-20 18:28:42.000000","2019-08-20 18:53:13.000000",3.0,4.89,1.0,N,234.0,24.0,1.0,19.0,1.0,0.5,5.82,0.0,0.3,29.12,2.5
1.0,"2019-08-20 19:35:54.000000","2019-08-20 20:09:42.000000",1.0,5.7,1.0,N,234.0,181.0,2.0,24.0,3.0,0.5,0.0,0.0,0.3,27.8,2.5
1.0,"2019-08-20 20:28:30.000000","2019-08-20 20:47:41.000000",1.0,5.7,1.0,N,234.0,24.0,1.0,20.0,3.0,0.5,3.5,0.0,0.3,27.3,2.5
1.0,"2019-08-20 21:31:18.000000","2019-08-20 21:55:21.000000",1.0,7.0,1.0,N,234.0,181.0,1.0,24.0,3.0,0.5,5.55,0.0,0.3,33.35,2.5
1.0,"2019-08-20 22:52:00.000000","2019-08-20 23:11:27.000000",1.0,5.0,1.0,N,234.0,24.0,1.0,18.0,3.0,0.5,4.0,0.0,0.3,25.8,2.5
1.0,"2019-08-20 23:46:28.000000","2019-08-21 00:11:33.000000",1.0,7.2,1.0,N,234.0,198.0,1.0,24.0,3.0,0.5,3.0,6.12,0.3,36.92,2.5
1.0,"2019-08-21 00:40:22.000000","2019-08-21 01:06:06.000000",1.0,7.7,1.0,N,234.0,116.0,1.0,24.0,3.0,0.5,5.0,0.0,0.3,32.8,2.5
1.0,"2019-08-21 00:01:33.000000","2019-08-21 00:21:41.000000",1.0,5.6,1.0,N,234.0,24.0,1.0,19.0,3.0,0.5,5.0,0.0,0.3,27.8,2.5
1.0,"2019-08-21 00:04:40.000000","2019-08-21 00:33:39.000000",1.0,6.2,1.0,N,234.0,225.0,1.0,24.0,3.0,0.5,6.95,0.0,0.3,34.75,2.5
1.0,"2019-08-21 00:02:09.000000","2019-08-21 00:22:01.000000",1.0,7.7,1.0,N,234.0,42.0,1.0,24.0,3.0,0.5,5.55,0.0,0.3,33.35,2.5
2.0,"2019-08-21 04:28:02.000000","2019-08-21 04:47:30.000000",1.0,5.08,1.0,N,234.0,24.0,1.0,18.0,0.5,0.5,5.45,0.0,0.3,27.25,2.5
2.0,"2019-08-21 04:12:01.000000","2019-08-21 04:28:53.000000",1.0,6.24,1.0,N,234.0,24.0,2.0,20.0,0.5,0.5,0.0,0.0,0.3,23.8,2.5
2.0,"2019-08-21 08:39:15.000000","2019-08-21 09:18:09.000000",1.0,3.82,1.0,N,234.0,236.0,1.0,24.0,0.0,0.5,5.46,0.0,0.3,32.76,2.5
2.0,"2019-08-21 10:58:09.000000","2019-08-21 11:32:55.000000",1.0,5.44,1.0,N,234.0,41.0,1.0,24.0,0.0,0.5,2.73,0.0,0.3,30.03,2.5
1.0,"2019-08-21 13:53:07.000000","2019-08-21 14:19:53.000000",1.0,3.3,1.0,N,234.0,236.0,1.0,18.0,2.5,0.5,2.7,0.0,0.3,24.0,2.5
2.0,"2019-08-21 13:52:18.000000","2019-08-21 14:30:48.000000",3.0,3.99,1.0,N,234.0,236.0,1.0,24.0,0.0,0.5,1.0,0.0,0.3,28.3,2.5
1.0,"2019-08-21 14:42:06.000000","2019-08-21 15:09:23.000000",1.0,6.8,1.0,N,234.0,36.0,1.0,24.0,2.5,0.5,6.65,6.12,0.3,40.07,2.5
2.0,"2019-08-21 15:08:05.000000","2019-08-21 15:46:31.000000",6.0,3.74,1.0,N,234.0,236.0,1.0,24.0,0.0,0.5,0.0,0.0,0.3,27.3,2.5
2.0,"2019-08-21 16:59:44.000000","2019-08-21 17:29:50.000000",1.0,5.77,1.0,N,234.0,24.0,1.0,22.0,1.0,0.5,5.26,0.0,0.3,31.56,2.5
1.0,"2019-08-21 17:39:37.000000","2019-08-21 18:17:41.000000",1.0,4.3,1.0,N,234.0,75.0,1.0,24.0,3.5,0.5,8.45,0.0,0.3,36.75,2.5
2.0,"2019-08-21 18:11:49.000000","2019-08-21 18:41:08.000000",1.0,5.85,1.0,N,234.0,166.0,1.0,24.0,1.0,0.5,5.66,0.0,0.3,33.96,2.5
2.0,"2019-08-21 18:31:46.000000","2019-08-21 19:02:36.000000",1.0,6.44,1.0,N,234.0,52.0,1.0,24.0,1.0,0.5,5.66,0.0,0.3,33.96,2.5
1.0,"2019-08-21 18:23:45.000000","2019-08-21 18:51:25.000000",1.0,6.2,1.0,N,234.0,256.0,2.0,24.0,3.5,0.5,0.0,0.0,0.3,28.3,2.5
1.0,"2019-08-21 19:59:14.000000","2019-08-21 20:31:29.000000",1.0,6.0,1.0,N,234.0,181.0,1.0,24.0,3.0,0.5,5.0,0.0,0.3,32.8,2.5
1.0,"2019-08-21 21:32:43.000000","2019-08-21 22:03:58.000000",1.0,5.9,1.0,N,234.0,61.0,1.0,24.0,3.0,0.5,5.55,0.0,0.3,33.35,2.5
2.0,"2019-08-21 21:00:34.000000","2019-08-21 21:30:31.000000",1.0,6.38,1.0,N,234.0,61.0,1.0,24.0,0.5,0.5,5.56,0.0,0.3,33.36,2.5
2.0,"2019-08-21 21:04:25.000000","2019-08-21 21:26:38.000000",3.0,5.47,1.0,N,234.0,24.0,1.0,19.0,0.5,0.5,4.56,0.0,0.3,27.36,2.5
2.0,"2019-08-21 21:13:13.000000","2019-08-21 21:42:50.000000",4.0,6.55,1.0,N,234.0,49.0,1.0,24.0,0.5,0.5,2.0,0.0,0.3,29.8,2.5
2.0,"2019-08-21 22:44:53.000000","2019-08-21 23:13:14.000000",1.0,6.54,1.0,N,234.0,223.0,1.0,24.0,0.5,0.5,5.56,0.0,0.3,33.36,2.5
2.0,"2019-08-21 22:07:48.000000","2019-08-21 22:37:01.000000",1.0,6.8,1.0,N,234.0,40.0,2.0,24.0,0.5,0.5,0.0,0.0,0.3,27.8,2.5
2.0,"2019-08-21 22:11:01.000000","2019-08-21 22:33:37.000000",1.0,7.37,1.0,N,234.0,228.0,2.0,24.0,0.5,0.5,0.0,0.0,0.3,27.8,2.5
2.0,"2019-08-21 23:12:42.000000","2019-08-21 23:30:24.000000",1.0,4.56,1.0,N,234.0,24.0,1.0,16.5,0.5,0.5,4.0,0.0,0.3,24.3,2.5
1.0,"2019-08-22 00:23:48.000000","2019-08-22 00:45:45.000000",1.0,7.5,1.0,N,234.0,152.0,1.0,24.0,3.0,0.5,4.0,0.0,0.3,31.8,2.5
2.0,"2019-08-22 00:38:39.000000","2019-08-22 01:04:05.000000",5.0,6.93,1.0,N,234.0,37.0,1.0,24.0,0.5,0.5,3.5,0.0,0.3,31.3,2.5
2.0,"2019-08-22 05:02:23.000000","2019-08-22 05:19:38.000000",1.0,8.08,1.0,N,234.0,152.0,2.0,24.0,0.5,0.5,0.0,0.0,0.3,27.8,2.5
1.0,"2019-08-22 10:28:22.000000","2019-08-22 10:57:20.000000",1.0,5.9,1.0,N,234.0,66.0,1.0,24.0,2.5,0.5,5.45,0.0,0.3,32.75,2.5
1.0,"2019-08-22 11:07:59.000000","2019-08-22 11:38:55.000000",1.0,5.6,1.0,N,234.0,24.0,1.0,24.5,2.5,0.5,1.0,0.0,0.3,28.8,2.5
1.0,"2019-08-22 11:47:47.000000","2019-08-22 12:15:30.000000",1.0,6.6,1.0,N,234.0,40.0,1.0,24.0,2.5,0.5,5.45,0.0,0.3,32.75,2.5
1.0,"2019-08-22 12:29:27.000000","2019-08-22 13:10:38.000000",2.0,2.8,1.0,N,234.0,236.0,2.0,24.0,2.5,0.5,0.0,0.0,0.3,27.3,2.5
2.0,"2019-08-22 14:19:04.000000","2019-08-22 14:58:40.000000",3.0,3.2,1.0,N,234.0,236.0,2.0,24.0,0.0,0.5,0.0,0.0,0.3,27.3,2.5
2.0,"2019-08-22 16:05:01.000000","2019-08-22 16:41:39.000000",6.0,4.85,1.0,N,234.0,40.0,1.0,24.0,1.0,0.5,5.66,0.0,0.3,33.96,2.5
1.0,"2019-08-22 16:35:25.000000","2019-08-22 17:11:34.000000",1.0,4.2,1.0,N,234.0,75.0,2.0,24.0,3.5,0.5,0.0,0.0,0.3,28.3,2.5
1.0,"2019-08-22 17:11:46.000000","2019-08-22 17:47:28.000000",0.0,4.7,1.0,N,234.0,88.0,1.0,24.0,3.5,0.5,3.0,0.0,0.3,31.3,2.5
2.0,"2019-08-22 17:06:43.000000","2019-08-22 17:39:21.000000",1.0,5.5,1.0,N,234.0,24.0,1.0,23.5,1.0,0.5,2.78,0.0,0.3,30.58,2.5
2.0,"2019-08-22 18:37:58.000000","2019-08-23 18:29:20.000000",3.0,5.73,1.0,N,234.0,61.0,2.0,24.0,1.0,0.5,0.0,0.0,0.3,28.3,2.5
2.0,"2019-08-22 19:24:08.000000","2019-08-22 19:47:10.000000",1.0,6.33,1.0,N,234.0,24.0,2.0,22.5,1.0,0.5,0.0,0.0,0.3,26.8,2.5
1.0,"2019-08-22 21:46:16.000000","2019-08-22 22:21:00.000000",1.0,5.2,1.0,N,234.0,52.0,1.0,24.0,3.0,0.5,5.55,0.0,0.3,33.35,2.5
1.0,"2019-08-22 21:48:11.000000","2019-08-22 22:22:19.000000",1.0,5.6,1.0,N,234.0,17.0,1.0,24.0,3.0,0.5,5.55,0.0,0.3,33.35,2.5
2.0,"2019-08-22 22:56:29.000000","2019-08-22 23:32:23.000000",2.0,4.7,1.0,N,234.0,25.0,1.0,24.0,0.5,0.5,2.0,0.0,0.3,29.8,2.5
2.0,"2019-08-22 23:00:58.000000","2019-08-22 23:26:08.000000",1.0,6.03,1.0,N,234.0,24.0,1.0,22.5,0.5,0.5,5.0,0.0,0.3,31.3,2.5
2.0,"2019-08-23 00:54:27.000000","2019-08-23 01:21:31.000000",2.0,6.79,1.0,N,234.0,36.0,1.0,24.0,0.5,0.5,5.56,0.0,0.3,33.36,2.5
2.0,"2019-08-23 01:14:47.000000","2019-08-23 01:39:40.000000",1.0,7.49,1.0,N,234.0,181.0,1.0,24.0,0.5,0.5,5.56,0.0,0.3,33.36,2.5
1.0,"2019-08-23 02:49:33.000000","2019-08-23 03:08:41.000000",1.0,5.0,1.0,N,234.0,97.0,1.0,18.0,3.0,0.5,2.2,0.0,0.3,24.0,2.5
1.0,"2019-08-23 04:35:44.000000","2019-08-23 04:50:32.000000",1.0,5.2,1.0,N,234.0,24.0,2.0,16.5,3.0,0.5,0.0,0.0,0.3,20.3,2.5
2.0,"2019-08-23 10:54:45.000000","2019-08-23 11:30:10.000000",1.0,5.27,1.0,N,234.0,166.0,1.0,24.0,0.0,0.5,2.0,0.0,0.3,29.3,2.5
2.0,"2019-08-23 14:12:34.000000","2019-08-23 14:47:05.000000",1.0,4.47,1.0,N,234.0,239.0,1.0,24.0,0.0,0.5,3.0,0.0,0.3,30.3,2.5
2.0,"2019-08-23 17:32:36.000000","2019-08-23 18:03:47.000000",1.0,5.62,1.0,N,234.0,151.0,1.0,24.0,1.0,0.5,5.0,0.0,0.3,33.3,2.5
1.0,"2019-08-23 18:05:09.000000","2019-08-23 18:38:22.000000",1.0,6.2,1.0,N,234.0,42.0,1.0,24.0,3.5,0.5,7.05,0.0,0.3,35.35,2.5
2.0,"2019-08-23 21:36:59.000000","2019-08-23 22:06:43.000000",1.0,6.18,1.0,N,234.0,7.0,1.0,24.0,0.5,0.5,0.0,0.0,0.3,27.8,2.5
2.0,"2019-08-23 22:25:58.000000","2019-08-23 22:59:28.000000",1.0,5.74,1.0,N,234.0,181.0,2.0,24.0,0.5,0.5,0.0,0.0,0.3,27.8,2.5
2.0,"2019-08-23 23:08:57.000000","2019-08-23 23:30:39.000000",2.0,7.57,1.0,N,234.0,116.0,1.0,24.0,0.5,0.5,3.0,0.0,0.3,30.8,2.5
2.0,"2019-08-24 00:26:45.000000","2019-08-24 00:49:21.000000",1.0,7.84,1.0,N,234.0,82.0,1.0,24.0,0.5,0.5,0.0,6.12,0.3,33.92,2.5
1.0,"2019-08-24 00:50:45.000000","2019-08-24 01:02:32.000000",2.0,4.8,1.0,N,234.0,24.0,1.0,14.5,3.0,0.5,3.65,0.0,0.3,21.95,2.5
1.0,"2019-08-24 00:49:52.000000","2019-08-24 01:10:29.000000",2.0,4.7,1.0,N,234.0,24.0,1.0,18.0,3.0,0.5,5.0,0.0,0.3,26.8,2.5
1.0,"2019-08-24 01:04:28.000000","2019-08-24 01:23:40.000000",1.0,4.6,1.0,N,234.0,24.0,1.0,17.5,3.0,0.5,4.25,0.0,0.3,25.55,2.5
2.0,"2019-08-24 01:32:19.000000","2019-08-24 01:54:31.000000",1.0,6.07,1.0,N,234.0,24.0,1.0,21.5,0.5,0.5,5.06,0.0,0.3,30.36,2.5
2.0,"2019-08-24 01:46:24.000000","2019-08-24 02:05:05.000000",1.0,5.14,1.0,N,234.0,24.0,2.0,17.5,0.5,0.5,0.0,0.0,0.3,21.3,2.5
2.0,"2019-08-24 02:54:20.000000","2019-08-24 03:22:00.000000",1.0,6.49,1.0,N,234.0,198.0,2.0,24.0,0.5,0.5,0.0,0.0,0.3,27.8,2.5
2.0,"2019-08-24 03:11:04.000000","2019-08-24 03:29:54.000000",1.0,7.8,1.0,N,234.0,152.0,2.0,24.0,0.5,0.5,0.0,0.0,0.3,27.8,2.5
2.0,"2019-08-24 04:32:18.000000","2019-08-24 05:02:15.000000",6.0,5.84,1.0,N,234.0,166.0,1.0,24.0,0.5,0.5,5.56,0.0,0.3,33.36,2.5
2.0,"2019-08-24 04:23:12.000000","2019-08-24 04:42:22.000000",1.0,5.58,1.0,N,234.0,24.0,1.0,19.0,0.5,0.5,5.7,0.0,0.3,28.5,2.5
2.0,"2019-08-24 06:16:05.000000","2019-08-24 06:37:13.000000",1.0,7.52,1.0,N,234.0,168.0,2.0,24.0,0.0,0.5,0.0,0.0,0.3,27.3,2.5
1.0,"2019-08-24 10:02:20.000000","2019-08-24 10:31:22.000000",1.0,6.1,1.0,N,234.0,42.0,1.0,24.0,2.5,0.5,6.8,0.0,0.3,34.1,2.5
2.0,"2019-08-24 17:19:43.000000","2019-08-24 17:48:11.000000",1.0,5.02,1.0,N,234.0,24.0,1.0,22.0,0.0,0.5,0.7,0.0,0.3,26.0,2.5
2.0,"2019-08-24 18:31:55.000000","2019-08-24 18:59:06.000000",1.0,5.17,1.0,N,234.0,24.0,1.0,21.0,0.0,0.5,4.86,0.0,0.3,29.16,2.5
1.0,"2019-08-24 18:57:28.000000","2019-08-24 19:25:19.000000",1.0,5.7,1.0,N,234.0,24.0,1.0,23.5,2.5,0.5,2.0,0.0,0.3,28.8,2.5
2.0,"2019-08-24 19:44:43.000000","2019-08-24 20:10:11.000000",2.0,7.01,1.0,N,234.0,40.0,2.0,24.0,0.0,0.5,0.0,0.0,0.3,27.3,2.5
2.0,"2019-08-24 19:42:38.000000","2019-08-24 20:14:15.000000",1.0,5.95,1.0,N,234.0,226.0,2.0,24.0,0.0,0.5,0.0,0.0,0.3,27.3,2.5
2.0,"2019-08-24 22:44:55.000000","2019-08-24 23:13:16.000000",1.0,5.93,1.0,N,234.0,151.0,2.0,24.0,0.5,0.5,0.0,0.0,0.3,27.8,2.5
2.0,"2019-08-24 23:23:21.000000","2019-08-24 23:43:54.000000",3.0,4.37,1.0,N,234.0,236.0,1.0,16.5,0.5,0.5,3.7,0.0,0.3,24.0,2.5
1.0,"2019-08-24 23:09:18.000000","2019-08-24 23:39:21.000000",2.0,6.1,1.0,N,234.0,236.0,2.0,24.0,3.0,0.5,0.0,0.0,0.3,27.8,2.5
1.0,"2019-08-25 00:15:51.000000","2019-08-25 00:36:55.000000",2.0,5.7,1.0,N,234.0,24.0,1.0,19.0,3.0,0.5,4.55,0.0,0.3,27.35,2.5
2.0,"2019-08-25 02:12:05.000000","2019-08-25 02:30:29.000000",2.0,5.14,1.0,N,234.0,24.0,2.0,17.5,0.5,0.5,0.0,0.0,0.3,21.3,2.5
1.0,"2019-08-25 03:54:05.000000","2019-08-25 04:09:07.000000",1.0,5.3,1.0,N,234.0,24.0,1.0,17.0,3.0,0.5,4.0,0.0,0.3,24.8,2.5
2.0,"2019-08-25 04:51:25.000000","2019-08-25 05:09:16.000000",1.0,5.17,1.0,N,234.0,97.0,1.0,17.5,0.5,0.5,2.7,0.0,0.3,24.0,2.5
2.0,"2019-08-25 05:34:32.000000","2019-08-25 05:57:20.000000",1.0,7.52,1.0,N,234.0,116.0,2.0,24.0,0.5,0.5,0.0,0.0,0.3,27.8,2.5
2.0,"2019-08-25 12:56:04.000000","2019-08-25 13:16:01.000000",1.0,7.79,1.0,N,234.0,42.0,1.0,24.0,0.0,0.5,5.46,0.0,0.3,32.76,2.5
2.0,"2019-08-25 14:34:37.000000","2019-08-25 15:04:01.000000",1.0,6.3,1.0,N,234.0,24.0,1.0,24.5,0.0,0.5,5.56,0.0,0.3,33.36,2.5
1.0,"2019-08-25 15:18:24.000000","2019-08-25 15:48:59.000000",3.0,6.9,1.0,N,234.0,24.0,2.0,26.5,2.5,0.5,0.0,0.0,0.3,29.8,2.5
2.0,"2019-08-25 15:17:50.000000","2019-08-25 15:45:58.000000",1.0,6.23,1.0,N,234.0,17.0,2.0,24.0,0.0,0.5,0.0,0.0,0.3,27.3,2.5
2.0,"2019-08-25 16:33:53.000000","2019-08-25 16:54:11.000000",1.0,5.12,1.0,N,234.0,238.0,1.0,19.5,0.0,0.5,1.2,0.0,0.3,24.0,2.5
2.0,"2019-08-25 17:16:33.000000","2019-08-25 17:48:26.000000",1.0,5.59,1.0,N,234.0,112.0,1.0,24.0,0.0,0.5,3.0,0.0,0.3,30.3,2.5
1.0,"2019-08-25 21:47:11.000000","2019-08-25 22:06:40.000000",1.0,7.9,1.0,N,234.0,152.0,1.0,24.0,3.0,0.5,8.3,0.0,0.3,36.1,2.5
1.0,"2019-08-26 00:35:31.000000","2019-08-26 00:49:16.000000",1.0,5.2,1.0,N,234.0,24.0,1.0,16.0,3.0,0.5,0.99,0.0,0.3,20.79,2.5
2.0,"2019-08-26 00:59:48.000000","2019-08-26 01:16:39.000000",2.0,4.95,1.0,N,234.0,97.0,1.0,17.5,0.5,0.5,2.7,0.0,0.3,24.0,2.5
2.0,"2019-08-26 10:10:49.000000","2019-08-26 10:35:46.000000",1.0,3.27,1.0,N,234.0,143.0,1.0,17.0,0.0,0.5,3.7,0.0,0.3,24.0,2.5
2.0,"2019-08-26 10:10:00.000000","2019-08-26 10:33:49.000000",1.0,6.04,1.0,N,234.0,24.0,2.0,22.5,0.0,0.5,0.0,0.0,0.3,25.8,2.5
1.0,"2019-08-26 14:30:46.000000","2019-08-26 14:55:53.000000",1.0,6.9,1.0,N,234.0,40.0,1.0,24.0,2.5,0.5,2.0,6.12,0.3,35.42,2.5
2.0,"2019-08-26 16:02:53.000000","2019-08-26 16:25:14.000000",1.0,4.71,1.0,N,234.0,24.0,1.0,18.5,1.0,0.5,4.56,0.0,0.3,27.36,2.5
1.0,"2019-08-26 17:57:09.000000","2019-08-26 18:29:23.000000",1.0,6.0,1.0,N,234.0,48.0,2.0,24.0,3.5,0.5,0.0,0.0,0.3,28.3,2.5
2.0,"2019-08-26 18:02:51.000000","2019-08-26 18:34:14.000000",1.0,6.51,1.0,N,234.0,33.0,1.0,24.0,1.0,0.5,2.7,0.0,0.3,31.0,2.5
2.0,"2019-08-26 19:34:57.000000","2019-08-26 19:58:38.000000",3.0,7.48,1.0,N,234.0,80.0,2.0,24.0,1.0,0.5,0.0,0.0,0.3,28.3,2.5
2.0,"2019-08-26 20:17:17.000000","2019-08-26 20:47:09.000000",1.0,6.33,1.0,N,234.0,181.0,1.0,24.0,0.5,0.5,5.56,0.0,0.3,33.36,2.5
1.0,"2019-08-26 20:21:08.000000","2019-08-26 20:39:42.000000",1.0,5.5,1.0,N,234.0,24.0,1.0,17.5,3.0,0.5,4.25,0.0,0.3,25.55,2.5
1.0,"2019-08-26 20:09:55.000000","2019-08-26 20:27:00.000000",1.0,6.1,1.0,N,234.0,24.0,1.0,19.5,3.0,0.5,2.0,0.0,0.3,25.3,2.5
2.0,"2019-08-26 22:59:25.000000","2019-08-26 23:21:10.000000",1.0,7.78,1.0,N,234.0,36.0,1.0,24.0,0.5,0.5,6.78,6.12,0.3,40.7,2.5
2.0,"2019-08-26 23:28:10.000000","2019-08-26 23:56:12.000000",1.0,7.03,1.0,N,234.0,116.0,1.0,24.0,0.5,0.5,5.56,0.0,0.3,33.36,2.5
2.0,"2019-08-27 02:59:00.000000","2019-08-27 03:13:30.000000",1.0,5.14,1.0,N,234.0,24.0,1.0,16.5,0.5,0.5,4.0,0.0,0.3,24.3,2.5
2.0,"2019-08-27 11:43:36.000000","2019-08-27 12:08:44.000000",1.0,6.77,1.0,N,234.0,25.0,1.0,24.0,0.0,0.5,2.0,0.0,0.3,29.3,2.5
2.0,"2019-08-27 12:30:31.000000","2019-08-27 12:55:57.000000",3.0,6.82,1.0,N,234.0,25.0,2.0,24.0,0.0,0.5,0.0,0.0,0.3,27.3,2.5
2.0,"2019-08-27 13:41:53.000000","2019-08-27 14:13:38.000000",1.0,4.64,1.0,N,234.0,24.0,1.0,21.5,0.0,0.5,4.96,0.0,0.3,29.76,2.5
2.0,"2019-08-27 13:24:29.000000","2019-08-27 14:04:17.000000",1.0,3.06,1.0,N,234.0,234.0,2.0,24.0,0.0,0.5,0.0,0.0,0.3,27.3,2.5
2.0,"2019-08-27 16:18:20.000000","2019-08-27 16:50:33.000000",1.0,6.0,1.0,N,234.0,151.0,1.0,24.0,1.0,0.5,5.66,0.0,0.3,33.96,2.5
1.0,"2019-08-27 16:07:25.000000","2019-08-27 16:33:37.000000",1.0,3.5,1.0,N,234.0,140.0,1.0,18.0,3.5,0.5,1.7,0.0,0.3,24.0,2.5
2.0,"2019-08-27 18:17:06.000000","2019-08-27 18:52:06.000000",6.0,5.59,1.0,N,234.0,66.0,1.0,24.0,1.0,0.5,5.0,0.0,0.3,33.3,2.5
2.0,"2019-08-27 18:56:20.000000","2019-08-27 19:25:25.000000",5.0,6.67,1.0,N,234.0,24.0,2.0,25.0,1.0,0.5,0.0,0.0,0.3,29.3,2.5
2.0,"2019-08-27 19:09:53.000000","2019-08-27 19:41:24.000000",1.0,6.35,1.0,N,234.0,42.0,1.0,24.0,1.0,0.5,7.08,0.0,0.3,35.38,2.5
2.0,"2019-08-27 19:53:25.000000","2019-08-27 20:15:25.000000",1.0,5.45,1.0,N,234.0,24.0,2.0,19.0,1.0,0.5,0.0,0.0,0.3,23.3,2.5
2.0,"2019-08-27 20:58:33.000000","2019-08-27 21:20:13.000000",1.0,7.41,1.0,N,234.0,129.0,1.0,24.0,0.5,0.5,8.48,6.12,0.3,42.4,2.5
2.0,"2019-08-27 20:05:36.000000","2019-08-27 20:37:52.000000",5.0,5.8,1.0,N,234.0,61.0,1.0,24.0,0.5,0.5,5.56,0.0,0.3,33.36,2.5
1.0,"2019-08-27 21:06:40.000000","2019-08-27 21:28:22.000000",2.0,5.3,1.0,N,234.0,24.0,1.0,18.5,3.0,0.5,4.45,0.0,0.3,26.75,2.5
2.0,"2019-08-27 22:09:20.000000","2019-08-27 22:37:18.000000",1.0,6.84,1.0,N,234.0,181.0,1.0,24.0,0.5,0.5,5.56,0.0,0.3,33.36,2.5
2.0,"2019-08-27 22:55:28.000000","2019-08-27 23:18:57.000000",3.0,7.3,1.0,N,234.0,40.0,2.0,24.0,0.5,0.5,0.0,0.0,0.3,27.8,2.5
1.0,"2019-08-27 22:37:24.000000","2019-08-27 23:06:37.000000",3.0,6.6,1.0,N,234.0,179.0,1.0,24.0,3.0,0.5,3.5,0.0,0.3,31.3,2.5
2.0,"2019-08-27 23:52:57.000000","2019-08-28 00:13:59.000000",2.0,5.79,1.0,N,234.0,24.0,1.0,20.0,0.5,0.5,4.76,0.0,0.3,28.56,2.5
2.0,"2019-08-28 00:21:47.000000","2019-08-28 00:52:35.000000",1.0,6.44,1.0,N,234.0,7.0,1.0,24.0,0.5,0.5,8.34,0.0,0.3,36.14,2.5
2.0,"2019-08-28 00:41:01.000000","2019-08-28 01:07:16.000000",1.0,6.9,1.0,N,234.0,61.0,1.0,24.0,0.5,0.5,0.0,0.0,0.3,27.8,2.5
2.0,"2019-08-28 02:51:24.000000","2019-08-28 03:07:07.000000",1.0,5.25,1.0,N,234.0,24.0,1.0,17.0,0.5,0.5,4.0,0.0,0.3,24.8,2.5
2.0,"2019-08-28 02:34:08.000000","2019-08-28 02:51:57.000000",1.0,4.99,1.0,N,234.0,24.0,1.0,18.0,0.5,0.5,6.54,0.0,0.3,28.34,2.5
2.0,"2019-08-28 11:40:48.000000","2019-08-28 12:19:24.000000",2.0,4.42,1.0,N,234.0,238.0,1.0,24.0,0.0,0.5,4.1,0.0,0.3,31.4,2.5
2.0,"2019-08-28 11:51:18.000000","2019-08-28 12:27:44.000000",1.0,4.73,1.0,N,234.0,238.0,1.0,24.0,0.0,0.5,3.0,0.0,0.3,30.3,2.5
1.0,"2019-08-28 12:50:08.000000","2019-08-28 13:21:50.000000",2.0,5.4,1.0,N,234.0,181.0,1.0,24.0,2.5,0.5,8.15,0.0,0.3,35.45,2.5
2.0,"2019-08-28 13:03:58.000000","2019-08-28 13:32:20.000000",1.0,5.7,1.0,N,234.0,66.0,1.0,24.0,0.0,0.5,5.46,0.0,0.3,32.76,2.5
2.0,"2019-08-28 17:03:58.000000","2019-08-28 17:31:13.000000",1.0,6.35,1.0,N,234.0,13.0,1.0,24.0,1.0,0.5,3.0,0.0,0.3,31.3,2.5
2.0,"2019-08-28 18:05:41.000000","2019-08-28 18:29:31.000000",1.0,7.29,1.0,N,234.0,166.0,2.0,24.0,1.0,0.5,0.0,0.0,0.3,28.3,2.5
1.0,"2019-08-28 18:53:29.000000","2019-08-28 19:24:21.000000",2.0,4.5,1.0,N,234.0,24.0,1.0,21.0,3.5,0.5,5.05,0.0,0.3,30.35,2.5
1.0,"2019-08-28 18:00:22.000000","2019-08-28 18:32:22.000000",1.0,6.1,1.0,N,234.0,66.0,1.0,24.0,3.5,0.5,2.0,0.0,0.3,30.3,2.5
2.0,"2019-08-28 18:00:17.000000","2019-08-28 18:35:58.000000",1.0,4.62,1.0,N,234.0,41.0,1.0,24.0,1.0,0.5,0.0,0.0,0.3,28.3,2.5
2.0,"2019-08-28 18:47:19.000000","2019-08-28 19:17:13.000000",2.0,5.73,1.0,N,234.0,13.0,1.0,24.0,1.0,0.5,5.66,0.0,0.3,33.96,2.5
1.0,"2019-08-28 20:00:00.000000","2019-08-28 20:35:13.000000",0.0,5.8,1.0,N,234.0,162.0,1.0,24.0,3.0,0.5,5.55,0.0,0.3,33.35,2.5
1.0,"2019-08-28 20:02:49.000000","2019-08-28 20:35:53.000000",1.0,5.6,1.0,N,234.0,202.0,1.0,24.0,3.0,0.5,6.95,0.0,0.3,34.75,2.5
2.0,"2019-08-28 22:14:16.000000","2019-08-28 22:36:22.000000",1.0,6.2,1.0,N,234.0,24.0,1.0,21.0,0.5,0.5,4.96,0.0,0.3,29.76,2.5
1.0,"2019-08-28 22:43:55.000000","2019-08-28 23:07:22.000000",1.0,7.3,1.0,N,234.0,52.0,1.0,24.0,3.0,0.5,5.55,0.0,0.3,33.35,2.5
2.0,"2019-08-28 22:06:10.000000","2019-08-28 22:35:16.000000",1.0,6.14,1.0,N,234.0,181.0,1.0,24.0,0.5,0.5,4.5,0.0,0.3,32.3,2.5
2.0,"2019-08-28 22:33:48.000000","2019-08-28 23:01:07.000000",2.0,7.08,1.0,N,234.0,116.0,1.0,24.0,0.5,0.5,5.56,0.0,0.3,33.36,2.5
2.0,"2019-08-29 01:49:01.000000","2019-08-29 02:15:01.000000",1.0,6.6,1.0,N,234.0,223.0,1.0,24.0,0.5,0.5,4.0,0.0,0.3,31.8,2.5
1.0,"2019-08-29 02:06:14.000000","2019-08-29 02:29:26.000000",1.0,7.2,1.0,N,234.0,89.0,1.0,24.0,3.0,0.5,2.2,0.0,0.3,30.0,2.5
2.0,"2019-08-29 08:03:28.000000","2019-08-29 08:32:41.000000",1.0,6.62,1.0,N,234.0,74.0,2.0,24.0,0.0,0.5,0.0,0.0,0.3,27.3,2.5
2.0,"2019-08-29 08:45:34.000000","2019-08-29 09:12:58.000000",1.0,5.66,1.0,N,234.0,88.0,1.0,24.0,0.0,0.5,5.46,0.0,0.3,32.76,2.5
1.0,"2019-08-29 09:31:43.000000","2019-08-29 10:02:49.000000",1.0,5.6,1.0,N,234.0,238.0,1.0,24.0,2.5,0.5,5.46,0.0,0.3,32.76,2.5
2.0,"2019-08-29 10:09:11.000000","2019-08-29 10:48:09.000000",2.0,3.5,1.0,N,234.0,236.0,2.0,24.0,0.0,0.5,0.0,0.0,0.3,27.3,2.5
1.0,"2019-08-29 11:21:49.000000","2019-08-29 11:51:35.000000",1.0,6.0,1.0,N,234.0,45.0,2.0,24.0,2.5,0.5,0.0,0.0,0.3,27.3,2.5
2.0,"2019-08-29 14:24:58.000000","2019-08-29 14:57:09.000000",2.0,5.38,1.0,N,234.0,74.0,1.0,24.0,0.0,0.5,5.46,0.0,0.3,32.76,2.5
2.0,"2019-08-29 16:58:20.000000","2019-08-29 17:33:08.000000",6.0,6.14,1.0,N,234.0,24.0,1.0,25.5,1.0,0.5,5.96,0.0,0.3,35.76,2.5
2.0,"2019-08-29 17:14:10.000000","2019-08-29 17:53:29.000000",1.0,3.25,1.0,N,234.0,87.0,2.0,24.0,1.0,0.5,0.0,0.0,0.3,28.3,2.5
2.0,"2019-08-29 18:21:22.000000","2019-08-29 18:49:00.000000",5.0,4.9,1.0,N,234.0,24.0,1.0,20.5,1.0,0.5,7.44,0.0,0.3,32.24,2.5
2.0,"2019-08-29 18:21:59.000000","2019-08-29 18:57:44.000000",1.0,5.31,1.0,N,234.0,181.0,2.0,24.0,1.0,0.5,0.0,0.0,0.3,28.3,2.5
2.0,"2019-08-29 18:55:04.000000","2019-08-29 19:18:09.000000",1.0,5.48,1.0,N,234.0,24.0,1.0,21.0,1.0,0.5,5.06,0.0,0.3,30.36,2.5
2.0,"2019-08-29 19:06:27.000000","2019-08-29 19:38:55.000000",4.0,6.22,1.0,N,234.0,42.0,1.0,24.0,1.0,0.5,7.08,0.0,0.3,35.38,2.5
1.0,"2019-08-29 19:40:22.000000","2019-08-29 20:08:19.000000",1.0,5.2,1.0,N,234.0,24.0,1.0,22.0,3.5,0.5,5.25,0.0,0.3,31.55,2.5
1.0,"2019-08-29 20:32:37.000000","2019-08-29 20:56:49.000000",1.0,4.3,1.0,N,234.0,33.0,1.0,17.0,3.0,0.5,3.2,0.0,0.3,24.0,2.5
2.0,"2019-08-29 20:53:22.000000","2019-08-29 21:27:06.000000",1.0,5.82,1.0,N,234.0,17.0,1.0,24.0,0.5,0.5,8.34,0.0,0.3,36.14,2.5
2.0,"2019-08-29 21:34:16.000000","2019-08-29 22:04:10.000000",1.0,6.34,1.0,N,234.0,7.0,1.0,24.0,0.5,0.5,3.0,0.0,0.3,30.8,2.5
2.0,"2019-08-29 21:39:16.000000","2019-08-29 21:55:52.000000",2.0,5.73,1.0,N,234.0,75.0,1.0,18.5,0.5,0.5,1.7,0.0,0.3,24.0,2.5
2.0,"2019-08-29 21:53:19.000000","2019-08-29 22:38:15.000000",1.0,11.42,1.0,N,234.0,24.0,2.0,39.0,0.5,0.5,0.0,0.0,0.3,42.8,2.5
1.0,"2019-08-29 22:22:17.000000","2019-08-29 22:45:39.000000",2.0,7.6,1.0,N,234.0,116.0,1.0,24.0,3.0,0.5,6.95,0.0,0.3,34.75,2.5
1.0,"2019-08-29 22:25:57.000000","2019-08-29 22:53:51.000000",1.0,4.6,1.0,N,234.0,24.0,1.0,20.5,3.0,0.5,4.85,0.0,0.3,29.15,2.5
1.0,"2019-08-29 22:54:09.000000","2019-08-29 23:20:46.000000",1.0,5.4,1.0,N,234.0,24.0,1.0,22.0,3.0,0.5,5.15,0.0,0.3,30.95,2.5
2.0,"2019-08-29 23:49:32.000000","2019-08-30 00:07:36.000000",1.0,4.62,1.0,N,234.0,24.0,2.0,16.5,0.5,0.5,0.0,0.0,0.3,20.3,2.5
2.0,"2019-08-29 23:51:41.000000","2019-08-30 00:26:35.000000",1.0,5.72,1.0,N,234.0,24.0,2.0,27.0,0.5,0.5,0.0,0.0,0.3,30.8,2.5
1.0,"2019-08-30 00:08:54.000000","2019-08-30 00:33:50.000000",1.0,7.2,1.0,N,234.0,198.0,1.0,24.0,0.5,0.5,0.0,6.12,0.3,31.42,0.0
1.0,"2019-08-30 11:45:39.000000","2019-08-30 12:18:14.000000",1.0,5.4,1.0,N,234.0,43.0,1.0,24.0,2.5,0.5,5.45,0.0,0.3,32.75,2.5
2.0,"2019-08-30 11:45:36.000000","2019-08-30 12:15:49.000000",1.0,6.04,1.0,N,234.0,24.0,1.0,24.5,0.0,0.5,0.1,0.0,0.3,27.9,2.5
2.0,"2019-08-30 11:35:22.000000","2019-08-30 12:00:03.000000",1.0,6.72,1.0,N,234.0,33.0,1.0,24.0,0.0,0.5,5.46,0.0,0.3,32.76,2.5
1.0,"2019-08-30 14:34:09.000000","2019-08-30 15:05:26.000000",1.0,5.3,1.0,N,234.0,41.0,1.0,24.0,2.5,0.5,2.7,0.0,0.3,30.0,2.5
2.0,"2019-08-30 15:41:20.000000","2019-08-30 16:13:53.000000",1.0,6.1,1.0,N,234.0,41.0,1.0,24.0,0.0,0.5,5.46,0.0,0.3,32.76,2.5
1.0,"2019-08-30 15:36:19.000000","2019-08-30 16:08:50.000000",1.0,5.5,1.0,N,234.0,166.0,2.0,24.0,2.5,0.5,0.0,0.0,0.3,27.3,2.5
2.0,"2019-08-30 16:23:55.000000","2019-08-30 16:50:03.000000",1.0,5.84,1.0,N,234.0,24.0,1.0,21.0,1.0,0.5,6.32,0.0,0.3,31.62,2.5
2.0,"2019-08-30 16:41:56.000000","2019-08-30 17:09:47.000000",1.0,5.79,1.0,N,234.0,24.0,1.0,22.5,1.0,0.5,5.36,0.0,0.3,32.16,2.5
2.0,"2019-08-30 17:53:30.000000","2019-08-30 18:21:36.000000",1.0,6.21,1.0,N,234.0,142.0,1.0,24.0,1.0,0.5,1.7,0.0,0.3,30.0,2.5
2.0,"2019-08-30 18:26:28.000000","2019-08-30 18:48:45.000000",1.0,5.43,1.0,N,234.0,24.0,1.0,19.0,1.0,0.5,3.0,0.0,0.3,26.3,2.5
1.0,"2019-08-30 18:45:41.000000","2019-08-30 19:16:27.000000",1.0,5.9,1.0,N,234.0,36.0,1.0,24.0,3.5,0.5,5.65,0.0,0.3,33.95,2.5
2.0,"2019-08-30 19:06:05.000000","2019-08-30 19:34:32.000000",1.0,6.62,1.0,N,234.0,129.0,1.0,24.0,1.0,0.5,5.09,0.0,0.3,33.39,2.5
2.0,"2019-08-30 19:24:19.000000","2019-08-30 20:00:02.000000",1.0,4.41,1.0,N,234.0,256.0,2.0,24.0,1.0,0.5,0.0,0.0,0.3,28.3,2.5
2.0,"2019-08-30 21:45:52.000000","2019-08-30 22:08:45.000000",2.0,4.95,1.0,N,234.0,24.0,1.0,18.0,0.5,0.5,4.36,0.0,0.3,26.16,2.5
1.0,"2019-08-30 22:49:36.000000","2019-08-30 23:10:31.000000",1.0,5.3,1.0,N,234.0,24.0,2.0,18.5,3.0,0.5,0.0,0.0,0.3,22.3,2.5
2.0,"2019-08-30 22:16:40.000000","2019-08-30 22:46:19.000000",1.0,6.09,1.0,N,234.0,24.0,1.0,24.5,0.5,0.5,1.0,0.0,0.3,29.3,2.5
1.0,"2019-08-30 22:27:46.000000","2019-08-30 22:58:39.000000",2.0,6.4,1.0,N,234.0,262.0,1.0,24.0,3.0,0.5,3.0,0.0,0.3,30.8,2.5
2.0,"2019-08-31 00:51:17.000000","2019-08-31 01:21:02.000000",1.0,5.9,1.0,N,234.0,181.0,2.0,24.0,0.5,0.5,0.0,0.0,0.3,27.8,2.5
1.0,"2019-08-31 01:54:57.000000","2019-08-31 02:14:19.000000",1.0,7.5,1.0,N,234.0,42.0,1.0,24.0,3.0,0.5,5.55,0.0,0.3,33.35,2.5
2.0,"2019-08-31 01:09:04.000000","2019-08-31 01:30:05.000000",2.0,7.53,1.0,N,234.0,116.0,1.0,24.0,0.5,0.5,6.95,0.0,0.3,34.75,2.5
2.0,"2019-08-31 02:48:50.000000","2019-08-31 03:16:32.000000",2.0,6.83,1.0,N,234.0,223.0,2.0,24.0,0.5,0.5,0.0,0.0,0.3,27.8,2.5
2.0,"2019-08-31 03:31:24.000000","2019-08-31 03:51:15.000000",1.0,7.87,1.0,N,234.0,129.0,2.0,24.0,0.5,0.5,0.0,6.12,0.3,33.92,2.5
2.0,"2019-08-31 09:15:26.000000","2019-08-31 09:35:13.000000",2.0,7.63,1.0,N,234.0,257.0,2.0,24.0,0.0,0.5,0.0,0.0,0.3,27.3,2.5
2.0,"2019-08-31 12:13:47.000000","2019-08-31 12:37:22.000000",1.0,7.56,1.0,N,234.0,166.0,1.0,24.0,0.0,0.5,5.46,0.0,0.3,32.76,2.5
2.0,"2019-08-31 14:48:40.000000","2019-08-31 15:02:06.000000",2.0,5.48,1.0,N,234.0,261.0,1.0,17.5,0.0,0.5,3.2,0.0,0.3,24.0,2.5
1.0,"2019-08-31 14:44:15.000000","2019-08-31 15:03:44.000000",1.0,6.0,1.0,N,234.0,24.0,1.0,20.5,2.5,0.5,4.75,0.0,0.3,28.55,2.5
2.0,"2019-08-31 15:05:48.000000","2019-08-31 15:27:13.000000",5.0,4.97,1.0,N,234.0,74.0,1.0,18.0,0.0,0.5,2.7,0.0,0.3,24.0,2.5
1.0,"2019-08-31 16:08:43.000000","2019-08-31 16:28:46.000000",1.0,4.8,1.0,N,234.0,24.0,1.0,17.5,2.5,0.5,4.15,0.0,0.3,24.95,2.5
2.0,"2019-08-31 19:27:53.000000","2019-08-31 19:50:22.000000",1.0,6.33,1.0,N,234.0,24.0,1.0,21.5,0.0,0.5,2.0,0.0,0.3,26.8,2.5
2.0,"2019-08-31 19:43:37.000000","2019-08-31 20:12:44.000000",2.0,6.7,1.0,N,234.0,223.0,1.0,24.0,0.0,0.5,4.0,0.0,0.3,31.3,2.5
2.0,"2019-08-31 21:31:13.000000","2019-08-31 21:59:16.000000",5.0,5.57,1.0,N,234.0,140.0,1.0,24.0,0.5,0.5,5.56,0.0,0.3,33.36,2.5
2.0,"2019-08-31 23:10:19.000000","2019-08-31 23:40:41.000000",1.0,6.1,1.0,N,234.0,181.0,2.0,24.0,0.5,0.5,0.0,0.0,0.3,27.8,2.5
