2.0,"2019-08-01 00:26:57.000000","2019-08-01 00:55:32.000000",1.0,7.38,1.0,N,234.0,190.0,2.0,25.0,0.5,0.5,0.0,0.0,0.3,28.8,2.5
1.0,"2019-08-01 02:34:51.000000","2019-08-01 02:56:03.000000",1.0,8.1,1.0,N,234.0,181.0,1.0,25.0,3.0,0.5,5.75,0.0,0.3,34.55,2.5
2.0,"2019-08-01 14:49:05.000000","2019-08-01 15:26:04.000000",1.0,5.01,1.0,N,234.0,25.0,1.0,24.0,0.0,0.5,6.82,0.0,0.3,34.12,2.5
2.0,"2019-08-01 14:59:10.000000","2019-08-01 15:40:01.000000",1.0,5.29,1.0,N,234.0,25.0,1.0,25.5,0.0,0.5,5.76,0.0,0.3,34.56,2.5
1.0,"2019-08-01 16:26:49.000000","2019-08-01 17:04:43.000000",1.0,5.7,1.0,N,234.0,66.0,1.0,25.0,3.5,0.5,5.85,0.0,0.3,35.15,2.5
2.0,"2019-08-01 17:48:07.000000","2019-08-01 18:26:54.000000",2.0,6.79,1.0,N,234.0,25.0,1.0,27.5,1.0,0.5,6.36,0.0,0.3,38.16,2.5
1.0,"2019-08-01 17:52:22.000000","2019-08-01 18:21:37.000000",1.0,3.8,1.0,N,234.0,238.0,1.0,19.5,3.5,0.5,1.2,0.0,0.3,25.0,2.5
2.0,"2019-08-01 18:51:59.000000","2019-08-01 19:19:59.000000",1.0,7.04,1.0,N,234.0,49.0,1.0,25.0,1.0,0.5,5.86,0.0,0.3,35.16,2.5
1.0,"2019-08-01 18:41:14.000000","2019-08-01 19:15:27.000000",1.0,5.5,1.0,N,234.0,181.0,1.0,25.0,3.5,0.5,5.85,0.0,0.3,35.15,2.5
1.0,"2019-08-01 19:35:53.000000","2019-08-01 20:03:05.000000",1.0,7.0,1.0,N,234.0,255.0,1.0,25.0,3.5,0.5,4.0,0.0,0.3,33.3,2.5
2.0,"2019-08-01 19:13:25.000000","2019-08-01 19:48:18.000000",1.0,5.74,1.0,N,234.0,189.0,1.0,25.0,1.0,0.5,5.86,0.0,0.3,35.16,2.5
2.0,"2019-08-01 20:38:53.000000","2019-08-01 21:05:17.000000",1.0,7.11,1.0,N,234.0,166.0,1.0,25.0,0.5,0.5,5.76,0.0,0.3,34.56,2.5
1.0,"2019-08-01 20:20:08.000000","2019-08-01 20:43:55.000000",1.0,7.4,1.0,N,234.0,129.0,1.0,25.0,3.0,0.5,6.95,6.12,0.3,41.87,2.5
1.0,"2019-08-01 20:00:09.000000","2019-08-01 20:38:01.000000",1.0,5.4,1.0,N,234.0,25.0,1.0,24.5,3.0,0.5,5.65,0.0,0.3,33.95,2.5
2.0,"2019-08-01 21:08:14.000000","2019-08-01 21:31:10.000000",1.0,4.59,1.0,N,234.0,25.0,1.0,17.5,0.5,0.5,4.26,0.0,0.3,25.56,2.5
1.0,"2019-08-01 21:36:55.000000","2019-08-01 21:59:40.000000",1.0,4.6,1.0,N,234.0,25.0,1.0,17.0,3.0,0.5,4.15,0.0,0.3,24.95,2.5
2.0,"2019-08-01 22:12:59.000000","2019-08-01 22:46:11.000000",1.0,6.27,1.0,N,234.0,61.0,1.0,25.0,0.5,0.5,5.76,0.0,0.3,34.56,2.5
2.0,"2019-08-01 22:49:20.000000","2019-08-01 23:24:03.000000",1.0,5.97,1.0,N,234.0,181.0,1.0,25.0,0.5,0.5,5.76,0.0,0.3,34.56,2.5
1.0,"2019-08-01 23:25:17.000000","2019-08-01 23:57:06.000000",2.0,6.4,1.0,N,234.0,61.0,1.0,25.0,3.0,0.5,8.6,0.0,0.3,37.4,2.5
1.0,"2019-08-01 23:28:42.000000","2019-08-02 00:02:50.000000",1.0,7.7,1.0,N,234.0,25.0,1.0,27.5,3.0,0.5,6.25,0.0,0.3,37.55,2.5
2.0,"2019-08-02 00:55:18.000000","2019-08-02 01:14:47.000000",2.0,4.75,1.0,N,234.0,238.0,1.0,17.5,0.5,0.5,3.7,0.0,0.3,25.0,2.5
2.0,"2019-08-02 01:02:47.000000","2019-08-02 01:17:40.000000",1.0,4.65,1.0,N,234.0,25.0,1.0,15.5,0.5,0.5,3.0,0.0,0.3,22.3,2.5
2.0,"2019-08-02 02:07:21.000000","2019-08-02 02:31:56.000000",1.0,7.77,1.0,N,234.0,89.0,1.0,25.0,0.5,0.5,0.0,0.0,0.3,28.8,2.5
2.0,"2019-08-02 10:25:14.000000","2019-08-02 10:51:19.000000",1.0,4.48,1.0,N,234.0,43.0,1.0,19.0,0.0,0.5,2.7,0.0,0.3,25.0,2.5
1.0,"2019-08-02 12:18:24.000000","2019-08-02 12:45:03.000000",1.0,4.5,1.0,N,234.0,145.0,1.0,20.0,2.5,0.5,1.7,0.0,0.3,25.0,2.5
1.0,"2019-08-02 13:47:50.000000","2019-08-02 14:25:24.000000",4.0,5.0,1.0,N,234.0,43.0,1.0,25.0,2.5,0.5,4.0,0.0,0.3,32.3,2.5
2.0,"2019-08-02 13:14:16.000000","2019-08-02 13:43:18.000000",1.0,6.39,1.0,N,234.0,166.0,1.0,25.0,0.0,0.5,1.11,0.0,0.3,29.41,2.5
2.0,"2019-08-02 14:39:42.000000","2019-08-02 15:18:37.000000",1.0,4.21,1.0,N,234.0,236.0,2.0,25.0,0.0,0.5,0.0,0.0,0.3,28.3,2.5
1.0,"2019-08-02 15:57:30.000000","2019-08-02 16:36:55.000000",2.0,3.9,1.0,N,234.0,238.0,1.0,25.0,2.5,0.5,5.66,0.0,0.3,33.96,2.5
2.0,"2019-08-02 17:41:31.000000","2019-08-02 18:18:47.000000",6.0,5.41,1.0,N,234.0,74.0,1.0,25.0,1.0,0.5,5.86,0.0,0.3,35.16,2.5
2.0,"2019-08-02 18:44:58.000000","2019-08-02 19:14:10.000000",2.0,7.08,1.0,N,234.0,17.0,1.0,25.0,1.0,0.5,7.32,0.0,0.3,36.62,2.5
1.0,"2019-08-02 20:04:32.000000","2019-08-02 20:31:47.000000",2.0,7.0,1.0,N,234.0,151.0,1.0,25.0,3.0,0.5,1.0,0.0,0.3,29.8,2.5
2.0,"2019-08-02 21:30:38.000000","2019-08-02 22:01:16.000000",1.0,7.16,1.0,N,234.0,166.0,1.0,25.0,0.5,0.5,5.76,0.0,0.3,34.56,2.5
1.0,"2019-08-02 22:31:07.000000","2019-08-02 22:56:36.000000",2.0,4.1,1.0,N,234.0,25.0,1.0,19.0,3.0,0.5,4.55,0.0,0.3,27.35,2.5
2.0,"2019-08-02 22:25:49.000000","2019-08-02 22:56:46.000000",6.0,5.23,1.0,N,234.0,25.0,1.0,22.5,0.5,0.5,5.26,0.0,0.3,31.56,2.5
2.0,"2019-08-02 23:00:54.000000","2019-08-02 23:31:09.000000",1.0,4.9,1.0,N,234.0,25.0,1.0,22.0,0.5,0.5,5.16,0.0,0.3,30.96,2.5
1.0,"2019-08-02 23:57:43.000000","2019-08-03 00:20:43.000000",1.0,4.6,1.0,N,234.0,25.0,1.0,18.5,3.0,0.5,5.55,0.0,0.3,27.85,2.5
2.0,"2019-08-02 23:01:53.000000","2019-08-02 23:34:43.000000",2.0,6.42,1.0,N,234.0,61.0,1.0,25.0,0.5,0.5,5.76,0.0,0.3,34.56,2.5
2.0,"2019-08-02 23:10:04.000000","2019-08-02 23:45:39.000000",1.0,5.78,1.0,N,234.0,181.0,1.0,25.0,0.5,0.5,5.76,0.0,0.3,34.56,2.5
1.0,"2019-08-03 00:58:20.000000","2019-08-03 01:30:34.000000",2.0,6.6,1.0,N,234.0,36.0,2.0,25.0,3.0,0.5,0.0,0.0,0.3,28.8,2.5
2.0,"2019-08-03 04:12:57.000000","2019-08-03 04:39:31.000000",2.0,7.39,1.0,N,234.0,36.0,1.0,25.0,0.5,0.5,5.76,0.0,0.3,34.56,2.5
1.0,"2019-08-03 04:45:19.000000","2019-08-03 04:45:58.000000",1.0,1.2,5.0,N,234.0,234.0,1.0,25.0,0.0,0.0,10.0,0.0,0.3,35.3,0.0
1.0,"2019-08-03 05:37:42.000000","2019-08-03 05:59:22.000000",2.0,7.8,1.0,N,234.0,41.0,2.0,25.0,3.0,0.5,0.0,0.0,0.3,28.8,2.5
2.0,"2019-08-03 10:16:16.000000","2019-08-03 10:40:26.000000",2.0,7.41,1.0,N,234.0,159.0,2.0,25.0,0.0,0.5,0.0,0.0,0.3,28.3,2.5
2.0,"2019-08-03 10:14:48.000000","2019-08-03 10:36:56.000000",1.0,8.06,1.0,N,234.0,260.0,2.0,25.0,0.0,0.5,0.0,6.12,0.3,34.42,2.5
1.0,"2019-08-03 12:37:25.000000","2019-08-03 13:02:03.000000",1.0,4.3,1.0,N,234.0,25.0,2.0,19.0,2.5,0.5,0.0,0.0,0.3,22.3,2.5
1.0,"2019-08-03 14:16:03.000000","2019-08-03 14:33:11.000000",2.0,8.6,1.0,N,234.0,138.0,1.0,25.0,2.5,0.5,6.85,6.12,0.3,41.27,2.5
1.0,"2019-08-03 14:59:33.000000","2019-08-03 15:32:44.000000",2.0,6.9,1.0,N,234.0,202.0,1.0,25.0,2.5,0.5,5.0,0.0,0.3,33.3,2.5
1.0,"2019-08-03 16:28:20.000000","2019-08-03 16:55:40.000000",1.0,0.0,1.0,N,234.0,74.0,1.0,24.2,0.0,0.5,0.0,0.0,0.3,25.0,0.0
1.0,"2019-08-03 17:34:05.000000","2019-08-03 17:56:42.000000",2.0,6.0,1.0,N,234.0,25.0,1.0,21.5,2.5,0.5,4.95,0.0,0.3,29.75,2.5
2.0,"2019-08-03 19:15:37.000000","2019-08-03 19:43:43.000000",1.0,4.51,1.0,N,234.0,25.0,1.0,20.0,0.0,0.5,5.82,0.0,0.3,29.12,2.5
2.0,"2019-08-03 20:18:52.000000","2019-08-03 20:48:23.000000",1.0,6.59,1.0,N,234.0,49.0,1.0,25.0,0.5,0.5,5.76,0.0,0.3,34.56,2.5
2.0,"2019-08-03 21:44:38.000000","2019-08-03 22:10:00.000000",1.0,4.5,1.0,N,234.0,25.0,1.0,18.5,0.5,0.5,2.0,0.0,0.3,24.3,2.5
2.0,"2019-08-03 23:56:11.000000","2019-08-04 00:17:31.000000",1.0,4.0,1.0,N,234.0,25.0,1.0,17.0,0.5,0.5,4.16,0.0,0.3,26.91,2.5
1.0,"2019-08-04 01:07:16.000000","2019-08-04 01:33:12.000000",0.0,5.1,1.0,N,234.0,25.0,2.0,20.5,3.0,0.5,0.0,0.0,0.3,24.3,2.5
2.0,"2019-08-04 02:45:05.000000","2019-08-04 03:15:43.000000",1.0,6.78,1.0,N,234.0,36.0,1.0,25.0,0.5,0.5,7.2,0.0,0.3,36.0,2.5
1.0,"2019-08-04 02:14:43.000000","2019-08-04 02:35:35.000000",1.0,8.0,1.0,N,234.0,244.0,2.0,25.0,3.0,0.5,0.0,0.0,0.3,28.8,2.5
1.0,"2019-08-04 03:25:10.000000","2019-08-04 03:47:18.000000",1.0,4.6,1.0,N,234.0,97.0,1.0,18.5,3.0,0.5,2.7,0.0,0.3,25.0,2.5
2.0,"2019-08-04 05:23:47.000000","2019-08-04 05:49:52.000000",2.0,7.83,1.0,N,234.0,188.0,2.0,25.0,0.5,0.5,0.0,0.0,0.3,28.8,2.5
2.0,"2019-08-04 12:41:58.000000","2019-08-04 12:59:20.000000",1.0,4.09,1.0,N,234.0,25.0,1.0,15.0,0.0,0.5,2.08,0.0,0.3,20.38,2.5
2.0,"2019-08-04 14:23:16.000000","2019-08-04 14:51:17.000000",1.0,6.6,1.0,N,234.0,255.0,1.0,25.0,0.0,0.5,5.66,0.0,0.3,33.96,2.5
2.0,"2019-08-04 17:46:00.000000","2019-08-04 18:12:21.000000",1.0,5.04,1.0,N,234.0,25.0,1.0,20.0,0.0,0.5,5.82,0.0,0.3,29.12,2.5
2.0,"2019-08-04 18:47:35.000000","2019-08-04 19:20:43.000000",1.0,5.65,1.0,N,234.0,189.0,1.0,25.0,0.0,0.5,5.66,0.0,0.3,33.96,2.5
2.0,"2019-08-04 18:40:19.000000","2019-08-04 19:03:15.000000",2.0,7.8,1.0,N,234.0,116.0,1.0,25.0,0.0,0.5,5.66,0.0,0.3,33.96,2.5
1.0,"2019-08-04 20:24:25.000000","2019-08-04 20:47:23.000000",3.0,8.0,1.0,N,234.0,116.0,1.0,25.0,3.0,0.5,2.88,0.0,0.3,31.68,2.5
2.0,"2019-08-04 21:36:25.000000","2019-08-04 22:09:03.000000",1.0,6.28,1.0,N,234.0,179.0,2.0,25.0,0.5,0.5,0.0,0.0,0.3,28.8,2.5
1.0,"2019-08-04 22:24:40.000000","2019-08-04 22:47:50.000000",2.0,7.7,1.0,N,234.0,116.0,1.0,25.0,3.0,0.0,3.0,0.0,0.3,31.3,2.5
2.0,"2019-08-05 00:02:29.000000","2019-08-05 00:34:35.000000",1.0,6.08,1.0,N,234.0,198.0,2.0,25.0,0.5,0.5,0.0,0.0,0.3,28.8,2.5
2.0,"2019-08-05 11:05:14.000000","2019-08-05 11:36:29.000000",2.0,6.23,1.0,N,234.0,114.0,1.0,25.0,0.0,0.5,2.0,0.0,0.3,30.3,2.5
2.0,"2019-08-05 11:07:03.000000","2019-08-05 11:38:30.000000",1.0,6.41,1.0,N,234.0,37.0,1.0,25.0,0.0,0.5,5.0,6.12,0.3,39.42,2.5
2.0,"2019-08-05 15:48:27.000000","2019-08-05 16:15:15.000000",6.0,7.83,1.0,N,234.0,42.0,1.0,25.0,0.0,0.5,2.5,0.0,0.3,30.8,2.5
2.0,"2019-08-05 16:56:47.000000","2019-08-05 17:36:14.000000",2.0,4.54,1.0,N,234.0,25.0,1.0,25.5,1.0,0.5,5.96,0.0,0.3,35.76,2.5
2.0,"2019-08-05 17:29:18.000000","2019-08-05 18:11:39.000000",1.0,6.69,1.0,N,234.0,25.0,1.0,30.5,1.0,0.5,10.44,0.0,0.3,45.24,2.5
2.0,"2019-08-05 17:58:27.000000","2019-08-05 18:32:10.000000",1.0,6.27,1.0,N,234.0,74.0,1.0,25.0,1.0,0.5,1.0,0.0,0.3,30.3,2.5
1.0,"2019-08-05 20:27:17.000000","2019-08-05 20:50:41.000000",1.0,7.5,1.0,N,234.0,116.0,1.0,25.0,3.0,0.5,5.75,0.0,0.3,34.55,2.5
1.0,"2019-08-05 21:36:06.000000","2019-08-05 22:04:06.000000",1.0,4.9,1.0,N,234.0,25.0,1.0,22.0,3.0,0.5,5.15,0.0,0.3,30.95,2.5
2.0,"2019-08-05 22:24:51.000000","2019-08-05 22:40:29.000000",2.0,4.18,1.0,N,234.0,25.0,1.0,15.0,0.5,0.5,3.76,0.0,0.3,22.56,2.5
1.0,"2019-08-05 22:45:39.000000","2019-08-05 23:01:36.000000",1.0,4.4,1.0,N,234.0,25.0,1.0,15.0,3.0,0.5,3.75,0.0,0.3,22.55,2.5
2.0,"2019-08-05 23:15:51.000000","2019-08-05 23:39:02.000000",1.0,7.39,1.0,N,234.0,160.0,2.0,25.0,0.5,0.5,0.0,6.12,0.3,34.92,2.5
2.0,"2019-08-05 23:01:14.000000","2019-08-05 23:27:32.000000",2.0,7.48,1.0,N,234.0,49.0,1.0,25.0,0.5,0.5,5.76,0.0,0.3,34.56,2.5
2.0,"2019-08-06 00:58:40.000000","2019-08-06 01:25:23.000000",1.0,7.19,1.0,N,234.0,211.0,2.0,25.0,0.5,0.5,0.0,0.0,0.3,28.8,2.5
2.0,"2019-08-06 10:33:29.000000","2019-08-06 11:07:29.000000",1.0,2.53,1.0,N,234.0,237.0,1.0,20.0,0.0,0.5,1.7,0.0,0.3,25.0,2.5
1.0,"2019-08-06 12:14:12.000000","2019-08-06 12:37:57.000000",1.0,4.1,1.0,N,234.0,25.0,2.0,18.0,2.5,0.5,0.0,0.0,0.3,21.3,2.5
2.0,"2019-08-06 12:09:50.000000","2019-08-06 12:50:05.000000",1.0,4.26,1.0,N,234.0,75.0,1.0,25.0,0.0,0.5,7.08,0.0,0.3,35.38,2.5
2.0,"2019-08-06 13:22:19.000000","2019-08-06 13:51:16.000000",1.0,2.28,1.0,N,234.0,162.0,1.0,17.5,0.0,0.5,4.2,0.0,0.3,25.0,2.5
2.0,"2019-08-06 13:25:01.000000","2019-08-06 14:00:35.000000",2.0,5.39,1.0,N,234.0,52.0,1.0,25.0,0.0,0.5,7.08,0.0,0.3,35.38,2.5
1.0,"2019-08-06 13:38:54.000000","2019-08-06 14:09:15.000000",1.0,6.2,1.0,N,234.0,33.0,1.0,25.0,2.5,0.5,7.08,0.0,0.3,35.38,2.5
1.0,"2019-08-06 14:00:35.000000","2019-08-06 14:34:40.000000",1.0,5.6,1.0,N,234.0,112.0,1.0,25.0,2.5,0.5,0.0,0.0,0.3,28.3,2.5
1.0,"2019-08-06 16:06:49.000000","2019-08-06 16:37:43.000000",1.0,0.0,1.0,N,234.0,74.0,1.0,24.2,0.0,0.5,0.0,0.0,0.3,25.0,0.0
2.0,"2019-08-06 19:37:59.000000","2019-08-06 20:08:41.000000",2.0,7.11,1.0,N,234.0,188.0,1.0,25.0,1.0,0.5,5.86,0.0,0.3,35.16,2.5
2.0,"2019-08-06 19:28:44.000000","2019-08-06 19:55:02.000000",2.0,4.63,1.0,N,234.0,25.0,1.0,19.5,1.0,0.5,5.95,0.0,0.3,29.75,2.5
1.0,"2019-08-06 19:37:47.000000","2019-08-06 20:01:29.000000",1.0,4.4,1.0,N,234.0,25.0,1.0,18.5,3.5,0.5,4.56,0.0,0.3,27.36,2.5
1.0,"2019-08-06 20:33:47.000000","2019-08-06 21:07:59.000000",1.0,6.4,1.0,N,234.0,62.0,1.0,25.0,3.0,0.5,5.75,0.0,0.3,34.55,2.5
1.0,"2019-08-06 20:14:12.000000","2019-08-06 20:41:01.000000",1.0,7.3,1.0,N,234.0,168.0,1.0,25.0,3.0,0.5,7.2,0.0,0.3,36.0,2.5
2.0,"2019-08-06 21:37:47.000000","2019-08-06 22:02:34.000000",1.0,7.79,1.0,N,234.0,36.0,2.0,25.0,0.5,0.5,0.0,6.12,0.3,34.92,2.5
2.0,"2019-08-06 21:34:05.000000","2019-08-06 22:02:08.000000",1.0,7.02,1.0,N,234.0,107.0,1.0,25.0,0.5,0.5,5.76,0.0,0.3,34.56,2.5
2.0,"2019-08-06 22:40:54.000000","2019-08-06 23:09:26.000000",1.0,7.5,1.0,N,234.0,181.0,2.0,25.0,0.5,0.5,0.0,0.0,0.3,28.8,2.5
1.0,"2019-08-06 23:35:13.000000","2019-08-06 23:57:46.000000",2.0,4.8,1.0,N,234.0,25.0,1.0,18.0,3.0,0.5,4.35,0.0,0.3,26.15,2.5
1.0,"2019-08-06 23:14:03.000000","2019-08-06 23:42:13.000000",1.0,6.7,1.0,N,234.0,129.0,1.0,25.0,3.0,0.5,5.75,0.0,0.3,34.55,2.5
2.0,"2019-08-06 23:00:50.000000","2019-08-06 23:16:36.000000",3.0,4.6,1.0,N,234.0,25.0,1.0,15.5,0.5,0.5,4.0,0.0,0.3,23.3,2.5
1.0,"2019-08-07 00:39:45.000000","2019-08-07 01:02:40.000000",1.0,7.5,1.0,N,234.0,82.0,2.0,25.0,3.0,0.5,0.0,6.12,0.3,34.92,2.5
2.0,"2019-08-07 12:45:40.000000","2019-08-07 13:23:53.000000",1.0,4.63,1.0,N,234.0,263.0,1.0,25.0,0.0,0.5,5.66,0.0,0.3,33.96,2.5
1.0,"2019-08-07 13:22:45.000000","2019-08-07 14:05:46.000000",2.0,3.1,1.0,N,234.0,140.0,2.0,25.0,2.5,0.5,0.0,0.0,0.3,28.3,2.5
2.0,"2019-08-07 13:11:56.000000","2019-08-07 13:52:40.000000",5.0,7.99,1.0,N,234.0,25.0,1.0,32.5,0.0,0.5,7.16,0.0,0.3,42.96,2.5
1.0,"2019-08-07 17:03:50.000000","2019-08-07 17:41:17.000000",0.0,5.8,1.0,N,234.0,24.0,1.0,25.0,3.5,0.5,5.85,0.0,0.3,35.15,2.5
1.0,"2019-08-07 17:52:18.000000","2019-08-07 18:30:29.000000",1.0,4.8,1.0,N,234.0,75.0,1.0,25.0,3.5,0.5,4.5,0.0,0.3,33.8,2.5
2.0,"2019-08-07 17:39:06.000000","2019-08-07 18:42:36.000000",1.0,4.36,1.0,N,234.0,25.0,1.0,35.5,1.0,0.5,0.0,0.0,0.3,39.8,2.5
2.0,"2019-08-07 18:00:42.000000","2019-08-07 18:18:18.000000",2.0,1.11,1.0,N,234.0,164.0,1.0,11.5,1.0,0.5,25.0,0.0,0.3,40.8,2.5
1.0,"2019-08-07 18:53:07.000000","2019-08-07 19:31:22.000000",0.0,4.6,1.0,N,234.0,263.0,2.0,25.0,3.5,0.5,0.0,0.0,0.3,29.3,2.5
2.0,"2019-08-07 19:31:37.000000","2019-08-07 20:06:01.000000",5.0,5.67,1.0,N,234.0,202.0,1.0,25.0,1.0,0.5,5.86,0.0,0.3,35.16,2.5
2.0,"2019-08-07 19:45:16.000000","2019-08-07 20:18:35.000000",1.0,4.66,1.0,N,234.0,25.0,1.0,22.5,1.0,0.5,5.36,0.0,0.3,32.16,2.5
2.0,"2019-08-07 20:43:45.000000","2019-08-07 21:10:20.000000",1.0,4.65,1.0,N,234.0,25.0,1.0,20.5,0.5,0.5,4.86,0.0,0.3,29.16,2.5
2.0,"2019-08-07 20:01:27.000000","2019-08-07 20:27:47.000000",1.0,4.87,1.0,N,234.0,25.0,1.0,19.5,0.5,0.5,4.66,0.0,0.3,27.96,2.5
1.0,"2019-08-07 20:24:16.000000","2019-08-07 20:59:38.000000",1.0,5.9,1.0,N,234.0,151.0,1.0,25.0,3.0,0.5,5.75,0.0,0.3,34.55,2.5
1.0,"2019-08-07 21:07:50.000000","2019-08-07 21:30:26.000000",1.0,4.7,1.0,N,234.0,25.0,1.0,18.0,3.0,0.5,4.35,0.0,0.3,26.15,2.5
2.0,"2019-08-07 21:13:37.000000","2019-08-07 21:45:12.000000",1.0,6.86,1.0,N,234.0,223.0,1.0,25.0,0.5,0.5,5.76,0.0,0.3,36.51,2.5
2.0,"2019-08-07 22:39:56.000000","2019-08-07 22:58:12.000000",1.0,4.67,1.0,N,234.0,25.0,1.0,17.0,0.5,0.5,4.16,0.0,0.3,24.96,2.5
2.0,"2019-08-07 22:57:07.000000","2019-08-07 23:21:48.000000",2.0,7.6,1.0,N,234.0,116.0,1.0,25.0,0.5,0.5,4.0,0.0,0.3,32.8,2.5
2.0,"2019-08-07 22:07:17.000000","2019-08-07 22:28:44.000000",6.0,7.98,1.0,N,234.0,168.0,2.0,25.0,0.5,0.5,0.0,0.0,0.3,28.8,2.5
2.0,"2019-08-07 22:35:48.000000","2019-08-07 22:59:07.000000",1.0,4.36,1.0,N,234.0,25.0,1.0,18.5,0.5,0.5,4.46,0.0,0.3,26.76,2.5
2.0,"2019-08-07 23:14:05.000000","2019-08-07 23:30:04.000000",5.0,1.2,1.0,N,234.0,230.0,1.0,6.5,0.5,0.5,14.7,0.0,0.3,25.0,2.5
1.0,"2019-08-07 23:50:06.000000","2019-08-08 00:07:01.000000",1.0,4.4,1.0,N,234.0,25.0,1.0,16.0,3.0,0.5,3.56,0.0,0.3,23.36,2.5
2.0,"2019-08-07 23:57:24.000000","2019-08-08 00:13:03.000000",1.0,4.41,1.0,N,234.0,25.0,1.0,15.5,0.5,0.5,3.86,0.0,0.3,23.16,2.5
2.0,"2019-08-07 23:52:47.000000","2019-08-08 00:20:10.000000",2.0,7.17,1.0,N,234.0,83.0,2.0,25.0,0.5,0.5,0.0,0.0,0.3,28.8,2.5
2.0,"2019-08-08 00:16:10.000000","2019-08-08 00:44:33.000000",1.0,7.46,1.0,N,234.0,89.0,1.0,25.0,0.5,0.5,2.0,0.0,0.3,30.8,2.5
2.0,"2019-08-08 09:13:54.000000","2019-08-08 09:49:53.000000",1.0,4.92,1.0,N,234.0,87.0,1.0,25.0,0.0,0.5,7.08,0.0,0.3,35.38,2.5
1.0,"2019-08-08 12:51:55.000000","2019-08-08 13:13:00.000000",1.0,0.0,1.0,N,234.0,42.0,1.0,24.2,0.0,0.5,0.0,0.0,0.3,25.0,0.0
2.0,"2019-08-08 12:12:09.000000","2019-08-08 12:43:12.000000",4.0,4.44,1.0,N,234.0,25.0,1.0,21.5,0.0,0.5,2.0,0.0,0.3,26.8,2.5
2.0,"2019-08-08 13:24:37.000000","2019-08-08 13:57:23.000000",1.0,5.69,1.0,N,234.0,238.0,1.0,25.0,0.0,0.5,8.49,0.0,0.3,36.79,2.5
2.0,"2019-08-08 15:56:25.000000","2019-08-08 16:31:11.000000",1.0,5.22,1.0,N,234.0,151.0,1.0,25.0,0.0,0.5,5.66,0.0,0.3,33.96,2.5
2.0,"2019-08-08 16:19:37.000000","2019-08-08 17:00:08.000000",2.0,3.61,1.0,N,234.0,48.0,2.0,25.0,1.0,0.5,0.0,0.0,0.3,29.3,2.5
2.0,"2019-08-08 18:13:46.000000","2019-08-08 18:55:43.000000",2.0,3.16,1.0,N,234.0,231.0,1.0,25.0,1.0,0.5,5.86,0.0,0.3,35.16,2.5
2.0,"2019-08-08 18:30:34.000000","2019-08-08 19:02:03.000000",5.0,6.5,1.0,N,234.0,74.0,1.0,25.0,1.0,0.5,5.86,0.0,0.3,35.16,2.5
2.0,"2019-08-08 19:07:42.000000","2019-08-08 19:31:32.000000",1.0,4.92,1.0,N,234.0,25.0,1.0,19.0,1.0,0.5,4.66,0.0,0.3,27.96,2.5
2.0,"2019-08-08 19:33:02.000000","2019-08-08 20:00:29.000000",1.0,6.63,1.0,N,234.0,25.0,1.0,23.5,1.0,0.5,5.56,0.0,0.3,33.36,2.5
2.0,"2019-08-08 19:50:16.000000","2019-08-08 20:39:04.000000",5.0,6.4,1.0,N,234.0,25.0,1.0,31.0,1.0,0.5,7.06,0.0,0.3,42.36,2.5
2.0,"2019-08-08 19:15:40.000000","2019-08-08 19:49:01.000000",1.0,5.83,1.0,N,234.0,179.0,1.0,25.0,1.0,0.5,7.32,0.0,0.3,36.62,2.5
2.0,"2019-08-08 20:55:43.000000","2019-08-08 21:22:36.000000",1.0,4.2,1.0,N,234.0,239.0,1.0,19.0,0.5,0.5,2.2,0.0,0.3,25.0,2.5
2.0,"2019-08-08 20:08:23.000000","2019-08-08 20:43:32.000000",1.0,4.74,1.0,N,234.0,25.0,1.0,22.5,0.5,0.5,5.26,0.0,0.3,31.56,2.5
1.0,"2019-08-08 20:33:06.000000","2019-08-08 21:04:01.000000",4.0,3.7,1.0,N,234.0,25.0,1.0,20.0,3.0,0.5,5.95,0.0,0.3,29.75,2.5
2.0,"2019-08-08 20:05:31.000000","2019-08-08 20:41:32.000000",1.0,4.96,1.0,N,234.0,25.0,1.0,24.0,0.5,0.5,6.95,0.0,0.3,34.75,2.5
1.0,"2019-08-08 21:32:30.000000","2019-08-08 22:08:41.000000",1.0,5.8,1.0,N,234.0,97.0,1.0,25.0,3.0,0.5,5.75,0.0,0.3,34.55,2.5
2.0,"2019-08-08 21:55:30.000000","2019-08-08 22:15:06.000000",2.0,4.06,1.0,N,234.0,25.0,1.0,15.5,0.5,0.5,5.79,0.0,0.3,25.09,2.5
2.0,"2019-08-08 21:34:41.000000","2019-08-08 22:01:12.000000",1.0,4.84,1.0,N,234.0,25.0,1.0,18.5,0.5,0.5,2.5,0.0,0.3,24.8,2.5
1.0,"2019-08-08 21:50:16.000000","2019-08-08 22:14:48.000000",1.0,4.6,1.0,N,234.0,25.0,1.0,18.0,3.0,0.5,4.35,0.0,0.3,26.15,2.5
1.0,"2019-08-08 22:38:53.000000","2019-08-08 23:01:59.000000",1.0,4.7,1.0,N,234.0,25.0,1.0,18.0,3.0,0.5,4.35,0.0,0.3,26.15,2.5
2.0,"2019-08-08 22:31:12.000000","2019-08-08 22:51:01.000000",1.0,4.65,1.0,N,234.0,25.0,1.0,17.0,0.5,0.5,4.16,0.0,0.3,24.96,2.5
2.0,"2019-08-08 22:41:52.000000","2019-08-08 23:03:18.000000",1.0,4.71,1.0,N,234.0,25.0,1.0,17.5,0.5,0.5,4.26,0.0,0.3,25.56,2.5
1.0,"2019-08-08 23:43:34.000000","2019-08-09 00:12:23.000000",1.0,7.2,1.0,N,234.0,223.0,1.0,25.0,3.0,0.5,7.2,0.0,0.3,36.0,2.5
2.0,"2019-08-08 23:37:37.000000","2019-08-08 23:54:27.000000",5.0,4.33,1.0,N,234.0,25.0,1.0,15.5,0.5,0.5,3.86,0.0,0.3,23.16,2.5
2.0,"2019-08-08 23:54:44.000000","2019-08-09 00:12:10.000000",1.0,4.34,1.0,N,234.0,25.0,1.0,16.0,0.5,0.5,3.96,0.0,0.3,23.76,2.5
2.0,"2019-08-08 23:33:34.000000","2019-08-08 23:56:43.000000",1.0,6.31,1.0,N,234.0,25.0,1.0,22.5,0.5,0.5,5.26,0.0,0.3,31.56,2.5
2.0,"2019-08-09 00:39:20.000000","2019-08-09 00:59:21.000000",1.0,4.64,1.0,N,234.0,25.0,1.0,17.5,0.5,0.5,4.26,0.0,0.3,25.56,2.5
2.0,"2019-08-09 01:49:50.000000","2019-08-09 02:16:30.000000",1.0,7.75,1.0,N,234.0,244.0,1.0,25.0,0.5,0.5,5.76,0.0,0.3,34.56,2.5
2.0,"2019-08-09 01:15:26.000000","2019-08-09 01:35:46.000000",5.0,8.09,1.0,N,234.0,244.0,1.0,25.0,0.5,0.5,5.76,0.0,0.3,34.56,2.5
2.0,"2019-08-09 01:22:11.000000","2019-08-09 01:38:49.000000",2.0,4.66,1.0,N,234.0,25.0,1.0,17.0,0.5,0.5,5.2,0.0,0.3,26.0,2.5
2.0,"2019-08-09 02:38:01.000000","2019-08-09 02:59:01.000000",2.0,7.81,1.0,N,234.0,168.0,2.0,25.0,0.5,0.5,0.0,0.0,0.3,28.8,2.5
2.0,"2019-08-09 02:05:40.000000","2019-08-09 02:28:25.000000",1.0,7.77,1.0,N,234.0,41.0,2.0,25.0,0.5,0.5,0.0,0.0,0.3,28.8,2.5
1.0,"2019-08-09 08:48:05.000000","2019-08-09 09:18:10.000000",1.0,5.9,1.0,N,234.0,66.0,1.0,25.0,2.5,0.5,3.0,0.0,0.3,31.3,2.5
1.0,"2019-08-09 11:37:20.000000","2019-08-09 12:14:22.000000",1.0,0.0,1.0,N,234.0,82.0,1.0,24.2,0.0,0.5,0.0,0.0,0.3,25.0,0.0
1.0,"2019-08-09 11:48:55.000000","2019-08-09 11:49:14.000000",1.0,0.0,1.0,N,234.0,234.0,1.0,24.2,0.0,0.5,0.0,0.0,0.3,25.0,0.0
1.0,"2019-08-09 13:55:55.000000","2019-08-09 14:19:10.000000",1.0,7.7,1.0,N,234.0,40.0,1.0,25.0,2.5,0.5,3.0,0.0,0.3,31.3,2.5
1.0,"2019-08-09 15:51:44.000000","2019-08-09 16:22:37.000000",1.0,3.1,1.0,N,234.0,237.0,1.0,19.5,2.5,0.5,2.2,0.0,0.3,25.0,2.5
2.0,"2019-08-09 15:11:09.000000","2019-08-09 15:41:10.000000",1.0,6.77,1.0,N,234.0,25.0,2.0,25.5,0.0,0.5,0.0,0.0,0.3,28.8,2.5
1.0,"2019-08-09 16:13:04.000000","2019-08-09 16:52:45.000000",2.0,4.8,1.0,N,234.0,143.0,2.0,25.0,3.5,0.5,0.0,0.0,0.3,29.3,2.5
2.0,"2019-08-09 17:28:52.000000","2019-08-09 18:16:37.000000",2.0,4.11,1.0,N,234.0,25.0,1.0,30.0,1.0,0.5,6.86,0.0,0.3,41.16,2.5
2.0,"2019-08-09 17:28:56.000000","2019-08-09 18:06:06.000000",4.0,4.74,1.0,N,234.0,146.0,1.0,25.0,1.0,0.5,5.86,0.0,0.3,35.16,2.5
1.0,"2019-08-09 18:41:17.000000","2019-08-09 19:07:01.000000",1.0,7.4,1.0,N,234.0,152.0,1.0,25.0,3.5,0.5,5.85,0.0,0.3,35.15,2.5
2.0,"2019-08-09 21:45:14.000000","2019-08-09 22:04:47.000000",1.0,4.53,1.0,N,234.0,25.0,1.0,16.5,0.5,0.5,4.06,0.0,0.3,24.36,2.5
2.0,"2019-08-09 23:11:46.000000","2019-08-09 23:43:30.000000",1.0,6.31,1.0,N,234.0,7.0,2.0,25.0,0.5,0.5,0.0,0.0,0.3,28.8,2.5
1.0,"2019-08-09 23:56:21.000000","2019-08-10 00:25:19.000000",1.0,6.9,1.0,N,234.0,129.0,1.0,25.0,3.0,0.5,5.75,0.0,0.3,34.55,2.5
2.0,"2019-08-09 23:48:08.000000","2019-08-10 00:19:44.000000",2.0,6.78,1.0,N,234.0,62.0,1.0,25.0,0.5,0.5,5.76,0.0,0.3,34.56,2.5
1.0,"2019-08-09 23:28:18.000000","2019-08-09 23:57:38.000000",1.0,6.7,1.0,N,234.0,129.0,1.0,25.0,3.0,0.5,5.0,0.0,0.3,33.8,2.5
2.0,"2019-08-10 00:24:26.000000","2019-08-10 00:46:09.000000",1.0,6.7,1.0,N,234.0,25.0,1.0,22.0,0.5,0.5,5.16,0.0,0.3,30.96,2.5
2.0,"2019-08-10 00:20:03.000000","2019-08-10 00:41:37.000000",2.0,7.85,1.0,N,234.0,42.0,1.0,25.0,0.5,0.5,7.2,0.0,0.3,36.0,2.5
1.0,"2019-08-10 01:46:29.000000","2019-08-10 02:07:46.000000",1.0,4.4,1.0,N,234.0,25.0,1.0,18.0,3.0,0.5,2.18,0.0,0.3,23.98,2.5
2.0,"2019-08-10 01:07:55.000000","2019-08-10 01:39:06.000000",1.0,6.57,1.0,N,234.0,42.0,1.0,25.0,0.5,0.5,5.0,0.0,0.3,33.8,2.5
2.0,"2019-08-10 03:30:19.000000","2019-08-10 03:53:10.000000",1.0,7.42,1.0,N,234.0,62.0,2.0,25.0,0.5,0.5,0.0,0.0,0.3,28.8,2.5
2.0,"2019-08-10 04:27:19.000000","2019-08-10 04:46:39.000000",1.0,5.23,1.0,N,234.0,97.0,1.0,19.5,0.5,0.5,1.7,0.0,0.3,25.0,2.5
2.0,"2019-08-10 11:43:10.000000","2019-08-10 12:28:27.000000",1.0,1.38,1.0,N,234.0,144.0,1.0,25.0,0.0,0.5,5.66,0.0,0.3,33.96,2.5
2.0,"2019-08-10 11:45:15.000000","2019-08-10 12:24:20.000000",1.0,4.67,1.0,N,234.0,236.0,1.0,25.0,0.0,0.5,5.66,0.0,0.3,33.96,2.5
2.0,"2019-08-10 12:42:55.000000","2019-08-10 13:09:56.000000",1.0,6.26,1.0,N,234.0,25.0,1.0,23.5,0.0,0.5,5.36,0.0,0.3,32.16,2.5
1.0,"2019-08-10 13:28:48.000000","2019-08-10 13:55:30.000000",1.0,4.1,1.0,N,234.0,25.0,2.0,20.5,2.5,0.5,0.0,0.0,0.3,23.8,2.5
1.0,"2019-08-10 18:55:34.000000","2019-08-10 19:18:30.000000",2.0,5.0,1.0,N,234.0,238.0,1.0,20.0,2.5,0.5,1.7,0.0,0.3,25.0,2.5
2.0,"2019-08-10 22:26:27.000000","2019-08-10 22:58:31.000000",2.0,6.56,1.0,N,234.0,61.0,1.0,25.0,0.5,0.5,5.76,0.0,0.3,34.56,2.5
2.0,"2019-08-10 22:55:12.000000","2019-08-10 23:14:47.000000",1.0,4.18,1.0,N,234.0,25.0,2.0,16.5,0.5,0.5,0.0,0.0,0.3,20.3,2.5
2.0,"2019-08-10 22:22:36.000000","2019-08-10 22:45:00.000000",1.0,4.87,1.0,N,234.0,25.0,2.0,18.0,0.5,0.5,0.0,0.0,0.3,21.8,2.5
2.0,"2019-08-11 01:58:03.000000","2019-08-11 02:18:24.000000",1.0,5.47,1.0,N,234.0,25.0,1.0,19.5,0.5,0.5,4.66,0.0,0.3,27.96,2.5
1.0,"2019-08-11 01:50:43.000000","2019-08-11 02:10:57.000000",1.0,5.0,1.0,N,234.0,97.0,1.0,18.0,3.0,0.5,3.2,0.0,0.3,25.0,2.5
2.0,"2019-08-11 01:56:18.000000","2019-08-11 02:29:39.000000",1.0,5.75,1.0,N,234.0,61.0,1.0,25.0,0.5,0.5,2.0,0.0,0.3,30.8,2.5
2.0,"2019-08-11 03:04:48.000000","2019-08-11 03:19:36.000000",1.0,4.73,1.0,N,234.0,25.0,1.0,16.0,0.5,0.5,3.96,0.0,0.3,23.76,2.5
2.0,"2019-08-11 04:29:46.000000","2019-08-11 04:54:35.000000",2.0,7.48,1.0,N,234.0,188.0,1.0,25.0,0.5,0.5,2.0,0.0,0.3,30.8,2.5
1.0,"2019-08-11 04:06:51.000000","2019-08-11 04:28:16.000000",1.0,7.9,1.0,N,234.0,159.0,2.0,25.0,3.0,0.5,0.0,0.0,0.3,28.8,2.5
1.0,"2019-08-11 04:44:42.000000","2019-08-11 05:02:53.000000",1.0,8.4,1.0,N,234.0,116.0,1.0,25.0,3.0,0.5,0.0,0.0,0.3,28.8,2.5
2.0,"2019-08-11 09:03:40.000000","2019-08-11 09:17:48.000000",1.0,3.99,1.0,N,234.0,25.0,1.0,14.5,0.0,0.5,5.34,0.0,0.3,23.14,2.5
2.0,"2019-08-11 12:33:35.000000","2019-08-11 12:51:04.000000",1.0,8.93,1.0,N,234.0,129.0,1.0,25.0,0.0,0.5,6.88,6.12,0.3,43.25,2.5
2.0,"2019-08-11 18:22:56.000000","2019-08-11 18:47:56.000000",2.0,4.45,1.0,N,234.0,66.0,1.0,19.5,0.0,0.5,2.2,0.0,0.3,25.0,2.5
2.0,"2019-08-11 23:15:21.000000","2019-08-11 23:34:58.000000",2.0,4.73,1.0,N,234.0,238.0,1.0,18.5,0.5,0.5,2.7,0.0,0.3,25.0,2.5
1.0,"2019-08-12 14:02:52.000000","2019-08-12 14:40:11.000000",1.0,0.0,1.0,N,234.0,36.0,1.0,24.2,0.0,0.5,0.0,0.0,0.3,25.0,0.0
2.0,"2019-08-12 14:17:43.000000","2019-08-12 14:48:07.000000",1.0,5.0,1.0,N,234.0,25.0,2.0,22.5,0.0,0.5,0.0,0.0,0.3,25.8,2.5
1.0,"2019-08-12 14:12:00.000000","2019-08-12 14:41:04.000000",1.0,6.7,1.0,N,234.0,41.0,1.0,25.0,2.5,0.5,5.65,0.0,0.3,33.95,2.5
1.0,"2019-08-12 15:34:04.000000","2019-08-12 16:12:13.000000",1.0,0.0,1.0,N,234.0,42.0,1.0,24.2,0.0,0.5,0.0,0.0,0.3,25.0,0.0
2.0,"2019-08-12 18:22:50.000000","2019-08-12 18:42:30.000000",1.0,5.07,1.0,N,234.0,263.0,1.0,19.0,1.0,0.5,1.7,0.0,0.3,25.0,2.5
2.0,"2019-08-12 18:30:29.000000","2019-08-12 18:59:28.000000",1.0,6.78,1.0,N,234.0,41.0,2.0,25.0,1.0,0.5,0.0,0.0,0.3,29.3,2.5
2.0,"2019-08-12 19:36:44.000000","2019-08-12 20:04:01.000000",1.0,4.87,1.0,N,234.0,25.0,1.0,19.5,1.0,0.5,4.76,0.0,0.3,28.56,2.5
2.0,"2019-08-12 19:20:45.000000","2019-08-12 19:48:30.000000",1.0,7.18,1.0,N,234.0,25.0,1.0,24.0,1.0,0.5,5.66,0.0,0.3,33.96,2.5
2.0,"2019-08-12 19:56:51.000000","2019-08-13 19:19:48.000000",2.0,4.5,1.0,N,234.0,217.0,1.0,18.0,0.5,0.5,3.2,0.0,0.3,25.0,2.5
1.0,"2019-08-12 20:41:48.000000","2019-08-12 21:07:21.000000",1.0,7.4,1.0,N,234.0,181.0,1.0,25.0,3.0,0.5,8.6,0.0,0.3,37.4,2.5
2.0,"2019-08-12 20:10:48.000000","2019-08-12 20:45:15.000000",1.0,6.14,1.0,N,234.0,7.0,2.0,25.0,0.5,0.5,0.0,0.0,0.3,28.8,2.5
2.0,"2019-08-12 22:24:07.000000","2019-08-12 22:44:09.000000",1.0,4.29,1.0,N,234.0,25.0,1.0,17.0,0.5,0.5,4.16,0.0,0.3,24.96,2.5
1.0,"2019-08-12 22:08:08.000000","2019-08-12 22:27:26.000000",1.0,4.5,1.0,N,234.0,25.0,1.0,17.5,3.0,0.5,2.0,0.0,0.3,23.3,2.5
2.0,"2019-08-12 22:12:09.000000","2019-08-12 22:24:21.000000",1.0,3.9,1.0,N,234.0,25.0,1.0,13.5,0.5,0.5,3.46,0.0,0.3,20.76,2.5
2.0,"2019-08-13 05:19:52.000000","2019-08-13 05:37:02.000000",1.0,8.69,1.0,N,234.0,138.0,1.0,25.0,0.5,0.5,8.73,6.12,0.3,43.65,2.5
1.0,"2019-08-13 10:10:14.000000","2019-08-13 10:51:02.000000",1.0,3.6,1.0,N,234.0,236.0,1.0,25.0,2.5,0.5,7.05,0.0,0.3,35.35,2.5
2.0,"2019-08-13 11:23:14.000000","2019-08-13 11:53:25.000000",1.0,3.41,1.0,N,234.0,239.0,1.0,19.5,0.0,0.5,2.2,0.0,0.3,25.0,2.5
2.0,"2019-08-13 15:17:51.000000","2019-08-13 15:50:33.000000",1.0,6.88,1.0,N,234.0,25.0,1.0,25.5,0.0,0.5,0.0,0.0,0.3,28.8,2.5
2.0,"2019-08-13 16:42:24.000000","2019-08-13 17:14:45.000000",1.0,4.93,1.0,N,234.0,25.0,1.0,21.5,1.0,0.5,5.16,0.0,0.3,30.96,2.5
2.0,"2019-08-13 17:32:54.000000","2019-08-13 17:56:31.000000",1.0,4.58,1.0,N,234.0,25.0,1.0,18.5,1.0,0.5,5.7,0.0,0.3,28.5,2.5
2.0,"2019-08-13 18:55:51.000000","2019-08-13 19:21:07.000000",1.0,4.41,1.0,N,234.0,25.0,1.0,17.5,1.0,0.5,4.36,0.0,0.3,26.16,2.5
2.0,"2019-08-13 18:56:35.000000","2019-08-13 19:26:00.000000",1.0,7.21,1.0,N,234.0,260.0,2.0,25.0,1.0,0.5,0.0,0.0,0.3,29.3,2.5
2.0,"2019-08-13 19:07:28.000000","2019-08-13 19:31:57.000000",1.0,7.29,1.0,N,234.0,166.0,1.0,25.0,1.0,0.5,7.32,0.0,0.3,36.62,2.5
1.0,"2019-08-13 19:35:57.000000","2019-08-13 19:59:26.000000",1.0,4.8,1.0,N,234.0,25.0,1.0,18.0,3.5,0.5,2.0,0.0,0.3,24.3,2.5
2.0,"2019-08-13 19:03:16.000000","2019-08-13 19:29:17.000000",1.0,6.77,1.0,N,234.0,25.0,1.0,23.0,1.0,0.5,5.46,0.0,0.3,32.76,2.5
2.0,"2019-08-13 19:18:05.000000","2019-08-13 19:39:33.000000",1.0,4.2,1.0,N,234.0,25.0,1.0,16.5,1.0,0.5,4.16,0.0,0.3,24.96,2.5
2.0,"2019-08-13 20:19:22.000000","2019-08-13 20:37:35.000000",1.0,3.95,1.0,N,234.0,25.0,1.0,15.5,0.5,0.5,3.86,0.0,0.3,23.16,2.5
2.0,"2019-08-13 20:58:06.000000","2019-08-13 21:20:32.000000",1.0,5.23,1.0,N,234.0,25.0,1.0,19.0,0.5,0.5,4.56,0.0,0.3,27.36,2.5
2.0,"2019-08-13 22:14:54.000000","2019-08-13 22:38:47.000000",1.0,4.99,1.0,N,234.0,25.0,1.0,20.5,0.5,0.5,6.08,0.0,0.3,30.38,2.5
2.0,"2019-08-13 23:31:47.000000","2019-08-13 23:49:24.000000",1.0,4.47,1.0,N,234.0,25.0,1.0,16.0,0.5,0.5,5.0,0.0,0.3,24.8,2.5
2.0,"2019-08-13 23:01:22.000000","2019-08-13 23:21:18.000000",1.0,4.28,1.0,N,234.0,25.0,1.0,17.0,0.5,0.5,4.16,0.0,0.3,24.96,2.5
1.0,"2019-08-14 11:26:00.000000","2019-08-14 11:51:14.000000",1.0,4.3,1.0,N,234.0,25.0,1.0,19.0,2.5,0.5,4.45,0.0,0.3,26.75,2.5
2.0,"2019-08-14 11:38:16.000000","2019-08-14 12:23:31.000000",1.0,2.02,1.0,N,234.0,234.0,1.0,25.0,0.0,0.5,7.08,0.0,0.3,35.38,2.5
2.0,"2019-08-14 12:20:16.000000","2019-08-14 12:41:59.000000",1.0,6.21,1.0,N,234.0,25.0,1.0,22.0,0.0,0.5,5.06,0.0,0.3,30.36,2.5
2.0,"2019-08-14 13:42:11.000000","2019-08-14 14:17:16.000000",1.0,6.1,1.0,N,234.0,225.0,1.0,25.0,0.0,0.5,0.0,0.0,0.3,28.3,2.5
2.0,"2019-08-14 15:34:45.000000","2019-08-14 16:15:55.000000",6.0,6.67,1.0,N,234.0,25.0,1.0,28.0,0.0,0.5,5.0,0.0,0.3,36.3,2.5
2.0,"2019-08-14 15:56:39.000000","2019-08-14 16:37:00.000000",1.0,5.44,1.0,N,234.0,33.0,1.0,25.0,0.0,0.5,7.08,0.0,0.3,35.38,2.5
2.0,"2019-08-14 15:21:30.000000","2019-08-14 15:50:50.000000",1.0,6.62,1.0,N,234.0,166.0,1.0,25.0,0.0,0.5,3.0,0.0,0.3,31.3,2.5
1.0,"2019-08-14 19:17:49.000000","2019-08-14 19:45:02.000000",1.0,4.7,1.0,N,234.0,25.0,1.0,19.0,3.5,0.5,4.65,0.0,0.3,27.95,2.5
2.0,"2019-08-14 19:00:01.000000","2019-08-14 19:33:50.000000",1.0,4.71,1.0,N,234.0,25.0,1.0,21.5,1.0,0.5,5.16,0.0,0.3,30.96,2.5
2.0,"2019-08-14 20:10:32.000000","2019-08-14 20:43:25.000000",2.0,5.97,1.0,N,234.0,17.0,1.0,25.0,0.5,0.5,8.64,0.0,0.3,37.44,2.5
2.0,"2019-08-14 20:36:52.000000","2019-08-14 21:01:22.000000",1.0,6.55,1.0,N,234.0,25.0,1.0,22.5,0.5,0.5,3.4,0.0,0.3,29.7,2.5
2.0,"2019-08-14 20:56:41.000000","2019-08-14 21:25:19.000000",1.0,6.6,1.0,N,234.0,24.0,1.0,25.0,0.5,0.5,5.76,0.0,0.3,34.56,2.5
2.0,"2019-08-14 20:41:09.000000","2019-08-14 21:07:32.000000",1.0,7.53,1.0,N,234.0,42.0,2.0,25.0,0.5,0.5,0.0,0.0,0.3,28.8,2.5
2.0,"2019-08-14 21:58:10.000000","2019-08-14 22:21:32.000000",1.0,6.72,1.0,N,234.0,25.0,1.0,23.5,0.5,0.5,5.46,0.0,0.3,32.76,2.5
2.0,"2019-08-14 22:50:10.000000","2019-08-14 23:10:45.000000",5.0,4.19,1.0,N,234.0,25.0,1.0,16.5,0.5,0.5,4.06,0.0,0.3,24.36,2.5
1.0,"2019-08-14 22:43:23.000000","2019-08-14 23:15:34.000000",2.0,6.2,1.0,N,234.0,189.0,1.0,25.0,3.0,0.5,5.75,0.0,0.3,34.55,2.5
2.0,"2019-08-14 23:46:28.000000","2019-08-15 00:17:18.000000",3.0,6.73,1.0,N,234.0,61.0,1.0,25.0,0.5,0.5,5.76,0.0,0.3,34.56,2.5
2.0,"2019-08-14 23:09:25.000000","2019-08-14 23:28:00.000000",1.0,4.4,1.0,N,234.0,25.0,1.0,16.0,0.5,0.5,3.96,0.0,0.3,23.76,2.5
2.0,"2019-08-15 00:10:52.000000","2019-08-15 00:26:19.000000",6.0,4.27,1.0,N,234.0,25.0,1.0,15.5,0.5,0.5,3.86,0.0,0.3,23.16,2.5
2.0,"2019-08-15 08:22:37.000000","2019-08-15 08:52:58.000000",1.0,5.31,1.0,N,234.0,25.0,1.0,22.5,0.0,0.5,6.45,0.0,0.3,32.25,2.5
2.0,"2019-08-15 12:20:08.000000","2019-08-15 12:57:49.000000",5.0,5.47,1.0,N,234.0,256.0,1.0,25.0,0.0,0.5,3.0,0.0,0.3,31.3,2.5
2.0,"2019-08-15 13:37:11.000000","2019-08-15 14:04:32.000000",4.0,6.46,1.0,N,234.0,25.0,1.0,23.5,0.0,0.5,5.36,0.0,0.3,32.16,2.5
1.0,"2019-08-15 14:46:11.000000","2019-08-15 15:13:08.000000",1.0,4.5,1.0,N,234.0,25.0,1.0,19.5,2.5,0.5,4.55,0.0,0.3,27.35,2.5
2.0,"2019-08-15 14:14:54.000000","2019-08-15 14:59:07.000000",1.0,2.55,1.0,N,234.0,229.0,2.0,25.0,0.0,0.5,0.0,0.0,0.3,28.3,2.5
2.0,"2019-08-15 15:21:58.000000","2019-08-15 16:01:54.000000",1.0,4.23,1.0,N,234.0,75.0,1.0,25.0,0.0,0.5,3.0,0.0,0.3,31.3,2.5
1.0,"2019-08-15 16:42:09.000000","2019-08-15 17:12:37.000000",1.0,4.5,1.0,N,234.0,25.0,1.0,20.5,3.5,0.5,6.2,0.0,0.3,31.0,2.5
1.0,"2019-08-15 16:52:54.000000","2019-08-15 17:28:51.000000",1.0,5.1,1.0,N,234.0,255.0,1.0,25.0,3.5,0.5,0.0,0.0,0.3,29.3,2.5
2.0,"2019-08-15 17:31:15.000000","2019-08-15 18:02:46.000000",4.0,6.27,1.0,N,234.0,25.0,1.0,23.0,1.0,0.5,6.82,0.0,0.3,34.12,2.5
2.0,"2019-08-15 19:49:16.000000","2019-08-15 20:23:32.000000",1.0,6.2,1.0,N,234.0,61.0,1.0,25.0,1.0,0.5,5.86,0.0,0.3,35.16,2.5
2.0,"2019-08-15 20:30:29.000000","2019-08-15 20:54:32.000000",1.0,7.41,1.0,N,234.0,166.0,2.0,25.0,0.5,0.5,0.0,0.0,0.3,28.8,2.5
2.0,"2019-08-15 20:34:14.000000","2019-08-15 21:08:59.000000",1.0,5.95,1.0,N,234.0,49.0,1.0,25.0,0.5,0.5,5.76,0.0,0.3,34.56,2.5
2.0,"2019-08-15 20:24:53.000000","2019-08-15 20:52:23.000000",2.0,7.25,1.0,N,234.0,82.0,1.0,25.0,0.5,0.5,5.0,6.12,0.3,39.92,2.5
2.0,"2019-08-15 20:49:25.000000","2019-08-15 21:14:29.000000",2.0,4.56,1.0,N,234.0,25.0,1.0,18.5,0.5,0.5,4.46,0.0,0.3,26.76,2.5
2.0,"2019-08-15 21:34:37.000000","2019-08-15 21:51:18.000000",5.0,4.25,1.0,N,234.0,25.0,1.0,15.0,0.5,0.5,6.0,0.0,0.3,24.8,2.5
2.0,"2019-08-15 21:30:11.000000","2019-08-15 21:51:37.000000",1.0,4.29,1.0,N,234.0,25.0,1.0,17.0,0.5,0.5,4.16,0.0,0.3,24.96,2.5
2.0,"2019-08-15 21:36:43.000000","2019-08-15 22:09:12.000000",2.0,6.4,1.0,N,234.0,7.0,1.0,25.0,0.5,0.5,2.0,0.0,0.3,30.8,2.5
2.0,"2019-08-15 21:03:30.000000","2019-08-15 21:24:00.000000",1.0,4.47,1.0,N,234.0,25.0,1.0,16.5,0.5,0.5,5.08,0.0,0.3,25.38,2.5
2.0,"2019-08-15 22:39:39.000000","2019-08-15 22:58:50.000000",1.0,4.38,1.0,N,234.0,25.0,1.0,17.0,0.5,0.5,4.16,0.0,0.3,24.96,2.5
2.0,"2019-08-15 22:13:14.000000","2019-08-15 22:33:42.000000",5.0,3.91,1.0,N,234.0,25.0,1.0,16.0,0.5,0.5,3.96,0.0,0.3,23.76,2.5
2.0,"2019-08-15 22:43:12.000000","2019-08-15 23:15:09.000000",1.0,6.61,1.0,N,234.0,260.0,1.0,25.0,0.5,0.5,5.8,0.0,0.3,34.6,2.5
2.0,"2019-08-15 23:28:11.000000","2019-08-15 23:46:13.000000",1.0,8.45,1.0,N,234.0,223.0,1.0,25.0,0.5,0.5,8.73,6.12,0.3,43.65,2.5
2.0,"2019-08-15 23:51:52.000000","2019-08-16 00:12:38.000000",2.0,6.58,1.0,N,234.0,25.0,1.0,21.5,0.5,0.5,5.06,0.0,0.3,30.36,2.5
1.0,"2019-08-16 01:17:00.000000","2019-08-16 01:37:44.000000",1.0,4.8,1.0,N,234.0,97.0,1.0,18.5,3.0,0.5,2.7,0.0,0.3,25.0,2.5
1.0,"2019-08-16 01:20:26.000000","2019-08-16 01:41:52.000000",1.0,7.0,1.0,N,234.0,25.0,1.0,23.0,3.0,0.5,3.0,0.0,0.3,29.8,2.5
2.0,"2019-08-16 10:34:31.000000","2019-08-16 11:06:44.000000",1.0,5.74,1.0,N,234.0,13.0,2.0,25.0,0.0,0.5,0.0,0.0,0.3,28.3,2.5
1.0,"2019-08-16 11:08:46.000000","2019-08-16 11:44:32.000000",1.0,5.4,1.0,N,234.0,17.0,1.0,25.0,2.5,0.5,5.65,0.0,0.3,33.95,2.5
1.0,"2019-08-16 14:41:19.000000","2019-08-16 15:19:14.000000",1.0,0.0,1.0,N,234.0,168.0,1.0,24.2,0.0,0.5,0.0,0.0,0.3,25.0,0.0
2.0,"2019-08-16 14:54:19.000000","2019-08-16 15:32:11.000000",1.0,4.93,1.0,N,234.0,189.0,1.0,25.0,0.0,0.5,1.0,0.0,0.3,29.3,2.5
2.0,"2019-08-16 15:15:48.000000","2019-08-16 15:48:58.000000",6.0,4.59,1.0,N,234.0,25.0,1.0,22.0,0.0,0.5,5.06,0.0,0.3,30.36,2.5
2.0,"2019-08-16 16:04:51.000000","2019-08-16 16:24:54.000000",2.0,3.94,1.0,N,234.0,263.0,1.0,16.0,1.0,0.5,4.7,0.0,0.3,25.0,2.5
1.0,"2019-08-16 17:23:25.000000","2019-08-16 17:56:23.000000",1.0,6.3,1.0,N,234.0,42.0,1.0,25.0,3.5,0.5,5.85,0.0,0.3,35.15,2.5
2.0,"2019-08-16 17:50:32.000000","2019-08-16 18:25:04.000000",5.0,5.63,1.0,N,234.0,181.0,1.0,25.0,1.0,0.5,5.86,0.0,0.3,35.16,2.5
1.0,"2019-08-16 17:12:08.000000","2019-08-16 17:48:29.000000",1.0,5.6,1.0,N,234.0,74.0,2.0,25.0,3.5,0.5,0.0,0.0,0.3,29.3,2.5
2.0,"2019-08-16 18:14:14.000000","2019-08-16 18:41:04.000000",1.0,7.1,1.0,N,234.0,34.0,1.0,25.0,1.0,0.5,5.86,0.0,0.3,35.16,2.5
2.0,"2019-08-16 18:34:07.000000","2019-08-16 18:56:39.000000",3.0,7.5,1.0,N,234.0,42.0,1.0,25.0,1.0,0.5,5.86,0.0,0.3,35.16,2.5
2.0,"2019-08-16 19:24:33.000000","2019-08-16 19:47:21.000000",2.0,8.23,1.0,N,234.0,116.0,1.0,25.0,1.0,0.5,4.0,0.0,0.3,33.3,2.5
2.0,"2019-08-16 19:59:43.000000","2019-08-16 20:34:24.000000",2.0,6.27,1.0,N,234.0,17.0,1.0,25.0,0.5,0.5,2.58,0.0,0.3,31.38,2.5
2.0,"2019-08-16 20:02:16.000000","2019-08-16 20:24:32.000000",2.0,3.66,1.0,N,234.0,13.0,1.0,17.5,0.5,0.5,3.7,0.0,0.3,25.0,2.5
2.0,"2019-08-16 22:14:12.000000","2019-08-16 22:33:23.000000",1.0,3.83,1.0,N,234.0,25.0,2.0,16.0,0.5,0.5,0.0,0.0,0.3,19.8,2.5
2.0,"2019-08-16 23:24:19.000000","2019-08-16 23:44:00.000000",1.0,4.68,1.0,N,234.0,25.0,1.0,17.0,0.5,0.5,4.16,0.0,0.3,24.96,2.5
1.0,"2019-08-16 23:51:29.000000","2019-08-17 00:20:38.000000",1.0,6.8,1.0,N,234.0,129.0,1.0,25.0,3.0,0.5,5.75,0.0,0.3,34.55,2.5
1.0,"2019-08-17 00:59:07.000000","2019-08-17 01:21:15.000000",0.0,6.8,1.0,N,234.0,25.0,1.0,23.5,3.0,0.5,5.45,0.0,0.3,32.75,2.5
1.0,"2019-08-17 00:56:05.000000","2019-08-17 01:26:39.000000",1.0,6.8,1.0,N,234.0,260.0,2.0,25.0,3.0,0.5,0.0,0.0,0.3,28.8,2.5
2.0,"2019-08-17 00:27:44.000000","2019-08-17 00:44:12.000000",2.0,3.96,1.0,N,234.0,25.0,1.0,15.0,0.5,0.5,1.88,0.0,0.3,20.68,2.5
1.0,"2019-08-17 02:20:07.000000","2019-08-17 02:46:29.000000",1.0,7.8,1.0,N,234.0,159.0,2.0,25.0,3.0,0.5,0.0,0.0,0.3,28.8,2.5
2.0,"2019-08-17 02:14:10.000000","2019-08-17 02:40:58.000000",1.0,7.46,1.0,N,234.0,223.0,1.0,25.0,0.5,0.5,4.2,0.0,0.3,33.0,2.5
1.0,"2019-08-17 03:31:44.000000","2019-08-17 03:52:31.000000",1.0,4.5,1.0,N,234.0,97.0,1.0,18.5,3.0,0.5,2.7,0.0,0.3,25.0,2.5
2.0,"2019-08-17 08:48:14.000000","2019-08-17 09:13:53.000000",1.0,7.26,1.0,N,234.0,166.0,1.0,25.0,0.0,0.5,5.66,0.0,0.3,33.96,2.5
2.0,"2019-08-17 11:38:20.000000","2019-08-17 12:11:15.000000",2.0,5.32,1.0,N,234.0,238.0,1.0,25.0,0.0,0.5,2.0,0.0,0.3,30.3,2.5
2.0,"2019-08-17 12:22:18.000000","2019-08-17 12:52:03.000000",1.0,7.09,1.0,N,234.0,25.0,1.0,27.5,0.0,0.5,6.16,0.0,0.3,36.96,2.5
2.0,"2019-08-17 13:54:09.000000","2019-08-17 14:19:30.000000",1.0,4.91,1.0,N,234.0,25.0,1.0,20.0,0.0,0.5,5.82,0.0,0.3,29.12,2.5
1.0,"2019-08-17 14:24:25.000000","2019-08-17 14:49:40.000000",1.0,4.5,1.0,N,234.0,25.0,1.0,19.0,2.5,0.5,6.65,0.0,0.3,28.95,2.5
1.0,"2019-08-17 15:28:34.000000","2019-08-17 15:57:14.000000",1.0,4.5,1.0,N,234.0,25.0,1.0,19.5,2.5,0.5,4.55,0.0,0.3,27.35,2.5
2.0,"2019-08-17 16:03:21.000000","2019-08-17 16:31:38.000000",3.0,7.1,1.0,N,234.0,40.0,1.0,25.0,0.0,0.5,5.66,0.0,0.3,33.96,2.5
2.0,"2019-08-17 15:59:41.000000","2019-08-17 16:35:01.000000",1.0,6.26,1.0,N,234.0,49.0,1.0,25.0,0.0,0.5,5.66,0.0,0.3,33.96,2.5
2.0,"2019-08-17 18:40:27.000000","2019-08-17 19:02:48.000000",5.0,7.68,1.0,N,234.0,42.0,1.0,25.0,0.0,0.5,5.66,0.0,0.3,33.96,2.5
1.0,"2019-08-17 18:31:59.000000","2019-08-17 18:55:45.000000",1.0,4.4,1.0,N,234.0,25.0,1.0,19.0,2.5,0.5,4.45,0.0,0.3,26.75,2.5
2.0,"2019-08-17 19:53:21.000000","2019-08-17 20:35:39.000000",5.0,3.03,1.0,N,234.0,239.0,1.0,25.0,0.0,0.5,5.66,0.0,0.3,33.96,2.5
1.0,"2019-08-17 22:58:25.000000","2019-08-17 23:29:52.000000",1.0,6.3,1.0,N,234.0,7.0,1.0,25.0,3.0,0.5,5.75,0.0,0.3,34.55,2.5
2.0,"2019-08-17 22:09:53.000000","2019-08-17 22:33:55.000000",5.0,5.25,1.0,N,234.0,25.0,2.0,19.0,0.5,0.5,0.0,0.0,0.3,22.8,2.5
2.0,"2019-08-17 23:37:14.000000","2019-08-18 00:08:34.000000",5.0,7.47,1.0,N,234.0,25.0,1.0,26.0,0.5,0.5,5.96,0.0,0.3,35.76,2.5
2.0,"2019-08-17 23:42:25.000000","2019-08-18 00:13:06.000000",1.0,6.54,1.0,N,234.0,17.0,1.0,25.0,0.5,0.5,8.64,0.0,0.3,37.44,2.5
2.0,"2019-08-17 23:47:49.000000","2019-08-18 00:20:37.000000",2.0,6.22,1.0,N,234.0,106.0,1.0,25.0,0.5,0.5,5.76,0.0,0.3,34.56,2.5
2.0,"2019-08-18 13:21:55.000000","2019-08-18 13:40:53.000000",1.0,8.39,1.0,N,234.0,194.0,1.0,25.0,0.0,0.5,5.0,6.12,0.3,39.42,2.5
2.0,"2019-08-18 16:30:59.000000","2019-08-18 17:05:40.000000",3.0,5.88,1.0,N,234.0,217.0,2.0,25.0,0.0,0.5,0.0,0.0,0.3,28.3,2.5
2.0,"2019-08-18 17:57:20.000000","2019-08-18 18:29:28.000000",1.0,6.49,1.0,N,234.0,17.0,2.0,25.0,0.0,0.5,0.0,0.0,0.3,28.3,2.5
2.0,"2019-08-18 18:44:57.000000","2019-08-18 19:21:32.000000",1.0,5.36,1.0,N,234.0,166.0,1.0,25.0,0.0,0.5,2.0,0.0,0.3,30.3,2.5
1.0,"2019-08-18 18:34:46.000000","2019-08-18 18:59:06.000000",1.0,4.9,1.0,N,234.0,12.0,1.0,19.5,2.5,0.5,2.2,0.0,0.3,25.0,2.5
1.0,"2019-08-18 20:12:29.000000","2019-08-18 20:39:00.000000",1.0,5.0,1.0,N,234.0,25.0,1.0,19.5,3.0,0.5,4.65,0.0,0.3,27.95,2.5
1.0,"2019-08-18 23:02:12.000000","2019-08-18 23:33:07.000000",1.0,7.0,1.0,N,234.0,228.0,1.0,25.0,3.0,0.5,5.76,0.0,0.3,34.56,2.5
2.0,"2019-08-19 03:53:00.000000","2019-08-19 04:19:17.000000",1.0,7.46,1.0,N,234.0,179.0,2.0,25.0,0.5,0.5,0.0,0.0,0.3,28.8,2.5
1.0,"2019-08-19 10:56:48.000000","2019-08-19 11:40:10.000000",1.0,3.4,1.0,N,234.0,140.0,1.0,25.0,2.5,0.5,5.65,0.0,0.3,33.95,2.5
1.0,"2019-08-19 12:32:50.000000","2019-08-19 12:58:43.000000",2.0,7.3,1.0,N,234.0,69.0,2.0,25.0,2.5,0.5,0.0,0.0,0.3,28.3,2.5
2.0,"2019-08-19 12:31:37.000000","2019-08-19 12:57:32.000000",1.0,6.64,1.0,N,234.0,25.0,1.0,23.0,0.0,0.5,5.26,0.0,0.3,31.56,2.5
1.0,"2019-08-19 14:03:42.000000","2019-08-19 14:44:20.000000",1.0,0.0,1.0,N,234.0,25.0,1.0,22.2,0.0,0.5,0.0,0.0,0.3,23.0,0.0
2.0,"2019-08-19 14:56:35.000000","2019-08-19 15:29:41.000000",6.0,6.83,1.0,N,234.0,40.0,1.0,25.0,0.0,0.5,5.66,0.0,0.3,33.96,2.5
1.0,"2019-08-19 16:45:15.000000","2019-08-19 17:16:54.000000",1.0,4.3,1.0,N,234.0,25.0,1.0,21.0,3.5,0.5,6.3,0.0,0.3,31.6,2.5
1.0,"2019-08-19 16:04:19.000000","2019-08-19 16:38:52.000000",1.0,5.5,1.0,N,234.0,74.0,1.0,25.0,3.5,0.5,5.85,0.0,0.3,35.15,2.5
1.0,"2019-08-19 16:02:42.000000","2019-08-19 16:26:33.000000",1.0,3.4,1.0,N,234.0,236.0,1.0,17.0,3.5,0.5,3.7,0.0,0.3,25.0,2.5
2.0,"2019-08-19 18:06:41.000000","2019-08-19 18:39:56.000000",4.0,6.53,1.0,N,234.0,17.0,1.0,25.0,1.0,0.5,5.86,0.0,0.3,35.16,2.5
1.0,"2019-08-19 18:07:23.000000","2019-08-19 18:33:28.000000",1.0,6.9,1.0,N,234.0,166.0,1.0,25.0,3.5,0.5,5.85,0.0,0.3,35.15,2.5
1.0,"2019-08-19 19:01:40.000000","2019-08-19 19:26:34.000000",1.0,0.0,1.0,N,234.0,41.0,1.0,24.2,0.0,0.5,0.0,0.0,0.3,25.0,0.0
1.0,"2019-08-19 19:10:53.000000","2019-08-19 19:36:28.000000",3.0,3.8,1.0,N,234.0,143.0,1.0,18.5,3.5,0.5,2.2,0.0,0.3,25.0,2.5
1.0,"2019-08-19 20:47:19.000000","2019-08-19 21:11:37.000000",1.0,4.6,1.0,N,234.0,25.0,1.0,19.0,3.0,0.5,5.7,0.0,0.3,28.5,2.5
2.0,"2019-08-19 21:51:04.000000","2019-08-19 22:12:47.000000",1.0,8.07,1.0,N,234.0,41.0,1.0,25.0,0.5,0.5,5.76,0.0,0.3,34.56,2.5
2.0,"2019-08-19 21:07:13.000000","2019-08-19 21:27:19.000000",1.0,4.5,1.0,N,234.0,25.0,1.0,17.5,0.5,0.5,4.26,0.0,0.3,25.56,2.5
2.0,"2019-08-19 21:04:16.000000","2019-08-19 21:30:25.000000",1.0,7.26,1.0,N,234.0,52.0,1.0,25.0,0.5,0.5,5.76,0.0,0.3,34.56,2.5
2.0,"2019-08-20 00:00:53.000000","2019-08-20 00:17:42.000000",6.0,6.13,1.0,N,234.0,25.0,1.0,19.0,0.5,0.5,4.56,0.0,0.3,27.36,2.5
2.0,"2019-08-20 06:20:01.000000","2019-08-20 06:41:56.000000",1.0,7.93,1.0,N,234.0,116.0,1.0,25.0,0.0,0.5,5.66,0.0,0.3,33.96,2.5
1.0,"2019-08-20 12:41:22.000000","2019-08-20 13:04:03.000000",1.0,0.0,1.0,N,234.0,42.0,1.0,24.2,0.0,0.5,0.0,0.0,0.3,25.0,0.0
1.0,"2019-08-20 12:30:01.000000","2019-08-20 12:58:31.000000",1.0,6.7,1.0,N,234.0,97.0,1.0,25.0,2.5,0.5,5.65,0.0,0.3,33.95,2.5
2.0,"2019-08-20 13:11:21.000000","2019-08-20 13:34:38.000000",1.0,7.65,1.0,N,234.0,129.0,2.0,25.0,0.0,0.5,0.0,6.12,0.3,34.42,2.5
1.0,"2019-08-20 15:14:47.000000","2019-08-20 15:50:26.000000",2.0,5.3,1.0,N,234.0,42.0,1.0,25.0,2.5,0.5,2.0,0.0,0.3,30.3,2.5
2.0,"2019-08-20 18:38:07.000000","2019-08-20 19:09:34.000000",2.0,6.63,1.0,N,234.0,25.0,1.0,25.5,1.0,0.5,5.96,0.0,0.3,35.76,2.5
2.0,"2019-08-20 19:15:04.000000","2019-08-20 19:35:03.000000",1.0,5.15,1.0,N,234.0,151.0,1.0,19.0,1.0,0.5,1.7,0.0,0.3,25.0,2.5
1.0,"2019-08-20 20:01:02.000000","2019-08-20 20:35:19.000000",1.0,6.2,1.0,N,234.0,116.0,1.0,25.0,3.5,0.5,5.85,0.0,0.3,35.15,2.5
2.0,"2019-08-20 20:43:38.000000","2019-08-20 21:07:52.000000",2.0,7.22,1.0,N,234.0,25.0,1.0,23.5,0.5,0.5,3.5,0.0,0.3,30.8,2.5
2.0,"2019-08-20 21:10:26.000000","2019-08-20 21:35:20.000000",5.0,7.91,1.0,N,234.0,257.0,1.0,25.0,0.5,0.5,5.76,0.0,0.3,34.56,2.5
1.0,"2019-08-20 21:12:31.000000","2019-08-20 21:38:27.000000",1.0,7.3,1.0,N,234.0,181.0,1.0,25.0,3.0,0.5,0.0,0.0,0.3,28.8,2.5
2.0,"2019-08-20 21:36:31.000000","2019-08-20 22:00:36.000000",1.0,5.22,1.0,N,234.0,25.0,1.0,20.0,0.5,0.5,4.76,0.0,0.3,28.56,2.5
2.0,"2019-08-20 21:28:46.000000","2019-08-20 21:50:35.000000",1.0,5.2,1.0,N,234.0,25.0,1.0,18.5,0.5,0.5,4.46,0.0,0.3,26.76,2.5
2.0,"2019-08-20 21:15:14.000000","2019-08-20 21:40:13.000000",1.0,4.47,1.0,N,234.0,25.0,1.0,19.0,0.5,0.5,4.56,0.0,0.3,27.36,2.5
2.0,"2019-08-20 22:02:35.000000","2019-08-20 22:21:17.000000",1.0,4.19,1.0,N,234.0,25.0,1.0,16.0,0.5,0.5,2.0,0.0,0.3,21.8,2.5
1.0,"2019-08-20 22:16:38.000000","2019-08-20 22:39:04.000000",1.0,4.8,1.0,N,234.0,25.0,1.0,19.0,3.0,0.5,3.0,0.0,0.3,25.8,2.5
2.0,"2019-08-20 22:24:26.000000","2019-08-20 22:45:29.000000",1.0,8.19,1.0,N,234.0,196.0,1.0,25.0,0.5,0.5,5.0,6.12,0.3,39.92,2.5
2.0,"2019-08-20 23:43:30.000000","2019-08-21 00:08:39.000000",1.0,6.05,1.0,N,234.0,25.0,2.0,21.5,0.5,0.5,0.0,0.0,0.3,25.3,2.5
1.0,"2019-08-20 23:21:39.000000","2019-08-20 23:40:05.000000",1.0,4.5,1.0,N,234.0,25.0,1.0,16.5,3.0,0.5,4.05,0.0,0.3,24.35,2.5
2.0,"2019-08-21 00:07:37.000000","2019-08-21 00:26:32.000000",5.0,8.19,1.0,N,234.0,244.0,1.0,25.0,0.5,0.5,5.76,0.0,0.3,34.56,2.5
2.0,"2019-08-21 03:11:51.000000","2019-08-21 03:39:10.000000",1.0,7.75,1.0,N,234.0,82.0,1.0,25.0,0.5,0.5,5.76,0.0,0.3,34.56,2.5
1.0,"2019-08-21 05:23:40.000000","2019-08-21 05:45:00.000000",2.0,7.9,1.0,N,234.0,116.0,2.0,25.0,3.0,0.5,0.0,0.0,0.3,28.8,2.5
2.0,"2019-08-21 08:26:34.000000","2019-08-21 08:56:43.000000",1.0,6.09,1.0,N,234.0,80.0,1.0,25.0,0.0,0.5,0.0,0.0,0.3,28.3,2.5
1.0,"2019-08-21 10:41:57.000000","2019-08-21 11:18:01.000000",1.0,7.0,1.0,N,234.0,25.0,1.0,28.5,2.5,0.5,2.0,0.0,0.3,33.8,2.5
2.0,"2019-08-21 11:05:02.000000","2019-08-21 11:29:00.000000",2.0,4.3,1.0,N,234.0,25.0,1.0,18.0,0.0,0.5,4.26,0.0,0.3,25.56,2.5
1.0,"2019-08-21 12:57:17.000000","2019-08-21 13:34:31.000000",1.0,4.7,1.0,N,234.0,151.0,1.0,25.0,2.5,0.5,5.65,0.0,0.3,33.95,2.5
2.0,"2019-08-21 12:20:11.000000","2019-08-21 12:58:01.000000",1.0,4.69,1.0,N,234.0,238.0,1.0,25.0,0.0,0.5,0.0,0.0,0.3,28.3,2.5
1.0,"2019-08-21 15:50:04.000000","2019-08-21 16:22:58.000000",1.0,4.8,1.0,N,234.0,25.0,2.0,23.0,2.5,0.5,0.0,0.0,0.3,26.3,2.5
2.0,"2019-08-21 17:44:37.000000","2019-08-21 18:09:01.000000",1.0,4.09,1.0,N,234.0,25.0,1.0,17.5,1.0,0.5,5.0,0.0,0.3,26.8,2.5
1.0,"2019-08-21 18:30:09.000000","2019-08-21 19:00:15.000000",1.0,0.0,1.0,N,234.0,62.0,1.0,24.2,0.0,0.5,0.0,0.0,0.3,25.0,0.0
1.0,"2019-08-21 20:23:17.000000","2019-08-21 20:46:49.000000",1.0,4.7,1.0,N,234.0,25.0,1.0,19.0,3.0,0.5,3.5,0.0,0.3,26.3,2.5
2.0,"2019-08-21 20:40:14.000000","2019-08-21 21:07:00.000000",5.0,7.13,1.0,N,234.0,195.0,1.0,25.0,0.5,0.5,3.49,6.12,0.3,38.41,2.5
1.0,"2019-08-21 21:08:58.000000","2019-08-21 21:40:01.000000",3.0,6.0,1.0,N,234.0,255.0,1.0,25.0,3.0,0.5,5.75,0.0,0.3,34.55,2.5
2.0,"2019-08-21 21:23:06.000000","2019-08-21 21:41:49.000000",1.0,4.21,1.0,N,234.0,25.0,1.0,16.0,0.5,0.5,4.95,0.0,0.3,24.75,2.5
2.0,"2019-08-21 21:42:29.000000","2019-08-21 22:00:16.000000",2.0,4.65,1.0,N,234.0,25.0,1.0,16.5,0.5,0.5,4.06,0.0,0.3,24.36,2.5
1.0,"2019-08-21 22:11:13.000000","2019-08-21 22:30:20.000000",2.0,5.1,1.0,N,234.0,25.0,1.0,17.5,3.0,0.5,5.0,0.0,0.3,26.3,2.5
2.0,"2019-08-21 22:06:26.000000","2019-08-21 22:28:06.000000",1.0,4.59,1.0,N,234.0,25.0,1.0,18.0,0.5,0.5,4.36,0.0,0.3,26.16,2.5
2.0,"2019-08-21 23:51:29.000000","2019-08-22 00:16:20.000000",1.0,7.72,1.0,N,234.0,54.0,1.0,25.0,0.5,0.5,7.2,0.0,0.3,36.0,2.5
1.0,"2019-08-21 23:51:37.000000","2019-08-22 00:20:14.000000",1.0,7.0,1.0,N,234.0,228.0,1.0,25.0,3.0,0.5,5.75,0.0,0.3,34.55,2.5
2.0,"2019-08-21 23:55:03.000000","2019-08-22 00:18:33.000000",1.0,7.82,1.0,N,234.0,40.0,1.0,25.0,0.5,0.5,5.76,0.0,0.3,34.56,2.5
2.0,"2019-08-22 00:33:34.000000","2019-08-22 00:59:14.000000",3.0,7.6,1.0,N,234.0,61.0,1.0,25.0,0.5,0.5,0.0,0.0,0.3,28.8,2.5
2.0,"2019-08-22 00:39:26.000000","2019-08-22 00:54:38.000000",1.0,6.06,1.0,N,234.0,25.0,1.0,19.5,0.5,0.5,4.66,0.0,0.3,27.96,2.5
1.0,"2019-08-22 00:26:22.000000","2019-08-22 00:41:38.000000",1.0,4.4,1.0,N,234.0,25.0,1.0,15.5,3.0,0.5,3.86,0.0,0.3,23.16,2.5
2.0,"2019-08-22 01:17:38.000000","2019-08-22 01:44:54.000000",4.0,9.54,1.0,N,234.0,25.0,1.0,29.5,0.5,0.5,6.66,0.0,0.3,39.96,2.5
2.0,"2019-08-22 03:40:01.000000","2019-08-22 04:00:03.000000",1.0,8.0,1.0,N,234.0,260.0,2.0,25.0,0.5,0.5,0.0,0.0,0.3,28.8,2.5
2.0,"2019-08-22 11:26:09.000000","2019-08-22 12:02:59.000000",1.0,4.79,1.0,N,234.0,226.0,2.0,25.0,0.0,0.5,0.0,0.0,0.3,28.3,2.5
2.0,"2019-08-22 14:49:01.000000","2019-08-22 15:23:02.000000",1.0,4.9,1.0,N,234.0,25.0,1.0,22.5,0.0,0.5,5.16,0.0,0.3,30.96,2.5
1.0,"2019-08-22 15:43:00.000000","2019-08-22 16:24:44.000000",1.0,3.5,1.0,N,234.0,142.0,1.0,25.0,2.5,0.5,1.5,0.0,0.3,29.8,2.5
2.0,"2019-08-22 18:53:19.000000","2019-08-22 19:25:02.000000",1.0,6.36,1.0,N,234.0,52.0,1.0,25.0,1.0,0.5,5.86,0.0,0.3,35.16,2.5
1.0,"2019-08-22 19:02:40.000000","2019-08-22 19:28:43.000000",1.0,7.1,1.0,N,234.0,166.0,1.0,25.0,3.5,0.5,5.85,0.0,0.3,35.15,2.5
1.0,"2019-08-22 19:31:24.000000","2019-08-22 19:57:06.000000",1.0,6.7,1.0,N,234.0,25.0,1.0,23.5,3.5,0.5,5.55,0.0,0.3,33.35,2.5
2.0,"2019-08-22 20:59:48.000000","2019-08-22 21:33:44.000000",1.0,6.43,1.0,N,234.0,41.0,1.0,25.0,0.5,0.5,2.88,0.0,0.3,31.68,2.5
2.0,"2019-08-22 20:23:38.000000","2019-08-22 20:57:48.000000",1.0,6.13,1.0,N,234.0,166.0,1.0,25.0,0.5,0.5,5.76,0.0,0.3,34.56,2.5
2.0,"2019-08-22 20:01:49.000000","2019-08-22 20:34:35.000000",1.0,6.51,1.0,N,234.0,228.0,1.0,25.0,0.5,0.5,5.76,0.0,0.3,34.56,2.5
2.0,"2019-08-22 20:55:04.000000","2019-08-22 21:18:23.000000",1.0,7.77,1.0,N,234.0,160.0,1.0,25.0,0.5,0.5,5.24,6.12,0.3,40.16,2.5
2.0,"2019-08-22 20:31:30.000000","2019-08-22 20:58:03.000000",1.0,5.39,1.0,N,234.0,263.0,1.0,19.5,0.5,0.5,1.7,0.0,0.3,25.0,2.5
2.0,"2019-08-22 21:28:06.000000","2019-08-22 21:58:59.000000",1.0,7.19,1.0,N,234.0,106.0,1.0,25.0,0.5,0.5,5.76,0.0,0.3,34.56,2.5
1.0,"2019-08-22 21:17:19.000000","2019-08-22 21:45:46.000000",0.0,7.4,1.0,N,234.0,129.0,1.0,25.0,3.0,0.5,6.95,6.12,0.3,41.87,2.5
2.0,"2019-08-22 22:56:29.000000","2019-08-22 23:32:23.000000",2.0,4.7,1.0,N,234.0,25.0,1.0,24.0,0.5,0.5,2.0,0.0,0.3,29.8,2.5
2.0,"2019-08-22 23:13:52.000000","2019-08-22 23:40:41.000000",5.0,7.03,1.0,N,234.0,41.0,1.0,25.0,0.5,0.5,5.76,0.0,0.3,34.56,2.5
2.0,"2019-08-22 23:48:59.000000","2019-08-23 00:03:51.000000",5.0,3.59,1.0,N,234.0,25.0,1.0,14.0,0.5,0.5,1.88,0.0,0.3,19.68,2.5
2.0,"2019-08-22 23:10:49.000000","2019-08-22 23:34:45.000000",2.0,4.28,1.0,N,234.0,25.0,1.0,19.0,0.5,0.5,4.56,0.0,0.3,27.36,2.5
2.0,"2019-08-23 00:07:42.000000","2019-08-23 00:33:12.000000",2.0,5.0,1.0,N,234.0,25.0,1.0,20.5,0.5,0.5,6.08,0.0,0.3,30.38,2.5
1.0,"2019-08-23 06:14:13.000000","2019-08-23 06:51:42.000000",1.0,17.5,3.0,N,234.0,1.0,1.0,69.5,0.0,0.0,12.0,25.0,0.3,106.8,0.0
1.0,"2019-08-23 19:58:39.000000","2019-08-23 20:22:26.000000",1.0,4.5,1.0,N,234.0,41.0,1.0,19.0,3.0,0.5,2.2,0.0,0.3,25.0,2.5
1.0,"2019-08-23 22:15:20.000000","2019-08-23 22:42:34.000000",1.0,0.0,1.0,N,234.0,41.0,1.0,24.2,0.0,0.5,0.0,0.0,0.3,25.0,0.0
2.0,"2019-08-23 22:44:17.000000","2019-08-23 23:16:50.000000",1.0,5.74,1.0,N,234.0,7.0,1.0,25.0,0.5,0.5,5.76,0.0,0.3,34.56,2.5
2.0,"2019-08-23 22:40:12.000000","2019-08-23 23:00:14.000000",1.0,8.17,1.0,N,234.0,257.0,1.0,25.0,0.5,0.5,0.08,6.12,0.3,35.0,2.5
2.0,"2019-08-23 22:49:37.000000","2019-08-23 23:17:58.000000",5.0,6.94,1.0,N,234.0,41.0,1.0,25.0,0.5,0.5,8.64,0.0,0.3,37.44,2.5
1.0,"2019-08-23 23:43:36.000000","2019-08-24 00:10:31.000000",1.0,7.4,1.0,N,234.0,42.0,1.0,25.0,3.0,0.5,1.6,0.0,0.3,30.4,2.5
1.0,"2019-08-23 23:36:31.000000","2019-08-23 23:55:41.000000",2.0,8.4,1.0,N,234.0,56.0,2.0,25.0,3.0,0.5,0.0,6.12,0.3,34.92,2.5
2.0,"2019-08-24 00:13:14.000000","2019-08-24 00:28:51.000000",5.0,4.09,1.0,N,234.0,25.0,1.0,15.0,0.5,0.5,3.76,0.0,0.3,22.56,2.5
1.0,"2019-08-24 00:03:00.000000","2019-08-24 00:23:03.000000",1.0,4.8,1.0,N,234.0,25.0,1.0,18.0,3.0,0.5,2.0,0.0,0.3,23.8,2.5
2.0,"2019-08-24 02:37:07.000000","2019-08-24 03:05:09.000000",1.0,5.95,1.0,N,234.0,25.0,1.0,22.0,0.5,0.5,5.16,0.0,0.3,30.96,2.5
2.0,"2019-08-24 02:40:25.000000","2019-08-24 03:07:22.000000",1.0,7.41,1.0,N,234.0,129.0,1.0,25.0,0.5,0.5,0.0,0.0,0.3,28.8,2.5
2.0,"2019-08-24 02:45:15.000000","2019-08-24 03:04:31.000000",2.0,8.51,1.0,N,234.0,82.0,1.0,25.0,0.5,0.5,6.98,6.12,0.3,41.9,2.5
2.0,"2019-08-24 02:26:09.000000","2019-08-24 02:53:07.000000",1.0,7.3,1.0,N,234.0,129.0,2.0,25.0,0.5,0.5,0.0,0.0,0.3,28.8,2.5
2.0,"2019-08-24 02:20:56.000000","2019-08-24 02:41:19.000000",1.0,7.98,1.0,N,234.0,168.0,2.0,25.0,0.5,0.5,0.0,0.0,0.3,28.8,2.5
2.0,"2019-08-24 02:23:57.000000","2019-08-24 02:47:48.000000",1.0,7.43,1.0,N,234.0,37.0,2.0,25.0,0.5,0.5,0.0,0.0,0.3,28.8,2.5
1.0,"2019-08-24 12:44:45.000000","2019-08-24 13:03:20.000000",1.0,8.8,1.0,N,234.0,138.0,2.0,25.0,2.5,0.5,0.0,6.12,0.3,34.42,2.5
1.0,"2019-08-24 16:26:40.000000","2019-08-24 16:54:18.000000",1.0,0.0,1.0,N,234.0,74.0,1.0,24.2,0.0,0.5,0.0,0.0,0.3,25.0,0.0
2.0,"2019-08-24 17:12:23.000000","2019-08-25 16:42:09.000000",1.0,4.92,1.0,N,234.0,80.0,1.0,25.0,0.0,0.5,4.24,0.0,0.3,32.54,2.5
2.0,"2019-08-24 17:57:06.000000","2019-08-24 18:39:47.000000",1.0,2.16,1.0,N,234.0,48.0,1.0,25.0,0.0,0.5,5.66,0.0,0.3,33.96,2.5
2.0,"2019-08-24 19:28:37.000000","2019-08-24 19:54:03.000000",1.0,4.3,1.0,N,234.0,25.0,2.0,19.5,0.0,0.5,0.0,0.0,0.3,22.8,2.5
1.0,"2019-08-24 22:46:51.000000","2019-08-24 23:17:21.000000",2.0,7.1,1.0,N,234.0,247.0,1.0,25.0,3.0,0.5,5.75,0.0,0.3,34.55,2.5
2.0,"2019-08-24 22:46:11.000000","2019-08-24 23:12:16.000000",1.0,4.89,1.0,N,234.0,25.0,1.0,20.0,0.5,0.5,3.57,0.0,0.3,27.37,2.5
2.0,"2019-08-24 23:35:38.000000","2019-08-25 00:06:34.000000",1.0,6.51,1.0,N,234.0,41.0,1.0,25.0,0.5,0.5,2.5,0.0,0.3,31.3,2.5
1.0,"2019-08-24 23:18:37.000000","2019-08-24 23:40:16.000000",3.0,4.0,1.0,N,234.0,25.0,1.0,17.5,3.0,0.5,4.26,0.0,0.3,25.56,2.5
2.0,"2019-08-24 23:47:05.000000","2019-08-25 00:22:37.000000",1.0,5.68,1.0,N,234.0,79.0,1.0,25.0,0.5,0.5,7.2,0.0,0.3,36.0,2.5
2.0,"2019-08-24 23:00:29.000000","2019-08-24 23:32:04.000000",1.0,6.87,1.0,N,234.0,238.0,2.0,25.0,0.5,0.5,0.0,0.0,0.3,28.8,2.5
2.0,"2019-08-25 00:04:20.000000","2019-08-25 00:28:10.000000",1.0,7.67,1.0,N,234.0,195.0,1.0,25.0,0.5,0.5,7.2,0.0,0.3,36.0,2.5
2.0,"2019-08-25 02:17:38.000000","2019-08-25 02:40:01.000000",5.0,7.62,1.0,N,234.0,166.0,2.0,25.0,0.5,0.5,0.0,0.0,0.3,28.8,2.5
2.0,"2019-08-25 02:58:54.000000","2019-08-25 03:25:58.000000",1.0,7.5,1.0,N,234.0,7.0,1.0,25.0,0.5,0.5,5.76,0.0,0.3,34.56,2.5
1.0,"2019-08-25 03:42:20.000000","2019-08-25 04:08:22.000000",1.0,7.6,1.0,N,234.0,129.0,1.0,25.0,3.0,0.5,0.0,0.0,0.3,28.8,2.5
2.0,"2019-08-25 03:49:29.000000","2019-08-25 04:17:40.000000",1.0,7.2,1.0,N,234.0,223.0,1.0,25.0,0.5,0.5,7.2,0.0,0.3,36.0,2.5
2.0,"2019-08-25 08:19:50.000000","2019-08-25 08:32:13.000000",1.0,3.79,1.0,N,234.0,25.0,1.0,13.0,0.0,0.5,3.26,0.0,0.3,19.56,2.5
1.0,"2019-08-25 10:43:08.000000","2019-08-25 11:05:33.000000",1.0,7.5,1.0,N,234.0,42.0,2.0,25.0,2.5,0.5,0.0,0.0,0.3,28.3,2.5
2.0,"2019-08-25 11:44:58.000000","2019-08-25 12:08:08.000000",6.0,8.0,1.0,N,234.0,42.0,2.0,25.0,0.0,0.5,0.0,0.0,0.3,28.3,2.5
2.0,"2019-08-25 13:20:02.000000","2019-08-25 13:46:44.000000",1.0,4.43,1.0,N,234.0,25.0,1.0,20.0,0.0,0.5,0.0,0.0,0.3,23.3,2.5
1.0,"2019-08-25 16:22:47.000000","2019-08-25 16:54:47.000000",1.0,5.6,1.0,N,234.0,151.0,2.0,25.0,2.5,0.5,0.0,0.0,0.3,28.3,2.5
2.0,"2019-08-25 17:12:09.000000","2019-08-25 17:40:27.000000",1.0,4.42,1.0,N,234.0,25.0,1.0,19.5,0.0,0.5,4.56,0.0,0.3,27.36,2.5
2.0,"2019-08-25 18:53:35.000000","2019-08-25 19:25:18.000000",1.0,6.0,1.0,N,234.0,80.0,1.0,25.0,0.0,0.5,2.08,0.0,0.3,30.38,2.5
1.0,"2019-08-26 02:55:52.000000","2019-08-26 03:24:46.000000",1.0,6.9,1.0,N,234.0,36.0,2.0,25.0,3.0,0.5,0.0,0.0,0.3,28.8,2.5
2.0,"2019-08-26 10:25:42.000000","2019-08-26 11:03:58.000000",1.0,4.62,1.0,N,234.0,236.0,1.0,25.0,0.0,0.5,5.66,0.0,0.3,33.96,2.5
2.0,"2019-08-26 11:34:36.000000","2019-08-26 11:52:27.000000",1.0,4.11,1.0,N,234.0,25.0,1.0,16.0,0.0,0.5,0.0,0.0,0.3,19.3,2.5
1.0,"2019-08-26 12:10:11.000000","2019-08-26 12:45:32.000000",1.0,5.1,1.0,N,234.0,236.0,1.0,25.0,2.5,0.5,5.65,0.0,0.3,33.95,2.5
2.0,"2019-08-26 14:08:05.000000","2019-08-26 14:35:33.000000",1.0,7.28,1.0,N,234.0,41.0,1.0,25.0,0.0,0.5,1.0,0.0,0.3,29.3,2.5
1.0,"2019-08-26 16:06:22.000000","2019-08-26 16:06:22.000000",1.0,0.0,1.0,N,234.0,264.0,2.0,25.0,0.0,0.0,0.0,0.0,0.0,25.0,0.0
2.0,"2019-08-26 17:24:10.000000","2019-08-26 17:49:33.000000",6.0,3.89,1.0,N,234.0,236.0,1.0,19.0,1.0,0.5,1.7,0.0,0.3,25.0,2.5
2.0,"2019-08-26 18:30:18.000000","2019-08-26 18:58:26.000000",5.0,6.69,1.0,N,234.0,262.0,1.0,25.0,1.0,0.5,2.0,0.0,0.3,31.3,2.5
2.0,"2019-08-26 18:04:44.000000","2019-08-26 18:32:30.000000",1.0,6.67,1.0,N,234.0,41.0,1.0,25.0,1.0,0.5,4.02,0.0,0.3,30.82,0.0
1.0,"2019-08-26 18:33:16.000000","2019-08-26 18:57:59.000000",1.0,0.0,1.0,N,234.0,25.0,3.0,26.2,0.0,0.5,0.0,0.0,0.3,27.0,0.0
2.0,"2019-08-26 20:25:46.000000","2019-08-26 20:43:14.000000",1.0,4.03,1.0,N,234.0,25.0,1.0,15.0,0.5,0.5,3.76,0.0,0.3,22.56,2.5
1.0,"2019-08-26 21:48:57.000000","2019-08-26 22:18:00.000000",1.0,6.9,1.0,N,234.0,17.0,1.0,25.0,3.0,0.5,5.75,0.0,0.3,34.55,2.5
1.0,"2019-08-26 21:04:58.000000","2019-08-26 21:30:17.000000",1.0,7.3,1.0,N,234.0,116.0,1.0,25.0,3.0,0.5,5.75,0.0,0.3,34.55,2.5
2.0,"2019-08-26 21:00:38.000000","2019-08-26 21:27:42.000000",6.0,7.33,1.0,N,234.0,25.0,1.0,25.5,0.5,0.5,5.86,0.0,0.3,35.16,2.5
1.0,"2019-08-26 22:35:12.000000","2019-08-26 23:06:33.000000",2.0,6.6,1.0,N,234.0,42.0,1.0,25.0,3.0,0.5,5.75,0.0,0.3,34.55,2.5
2.0,"2019-08-26 23:04:01.000000","2019-08-26 23:28:52.000000",1.0,7.75,1.0,N,234.0,33.0,1.0,25.0,0.5,0.5,7.2,0.0,0.3,36.0,2.5
2.0,"2019-08-26 23:38:59.000000","2019-08-27 00:02:37.000000",1.0,7.68,1.0,N,234.0,80.0,1.0,25.0,0.5,0.5,6.08,6.12,0.3,41.0,2.5
2.0,"2019-08-27 09:59:55.000000","2019-08-27 10:28:46.000000",1.0,6.79,1.0,N,234.0,202.0,1.0,25.0,0.0,0.5,7.08,0.0,0.3,35.38,2.5
2.0,"2019-08-27 11:43:36.000000","2019-08-27 12:08:44.000000",1.0,6.77,1.0,N,234.0,25.0,1.0,24.0,0.0,0.5,2.0,0.0,0.3,29.3,2.5
2.0,"2019-08-27 12:30:31.000000","2019-08-27 12:55:57.000000",3.0,6.82,1.0,N,234.0,25.0,2.0,24.0,0.0,0.5,0.0,0.0,0.3,27.3,2.5
1.0,"2019-08-27 12:07:52.000000","2019-08-27 12:36:37.000000",1.0,5.1,1.0,N,234.0,25.0,1.0,21.5,2.5,0.5,2.0,0.0,0.3,26.8,2.5
2.0,"2019-08-27 13:09:51.000000","2019-08-27 13:34:14.000000",1.0,7.63,1.0,N,234.0,129.0,2.0,25.0,0.0,0.5,0.0,6.12,0.3,34.42,2.5
2.0,"2019-08-27 14:13:33.000000","2019-08-27 14:43:08.000000",1.0,6.32,1.0,N,234.0,65.0,1.0,25.0,0.0,0.5,7.08,0.0,0.3,35.38,2.5
2.0,"2019-08-27 15:50:03.000000","2019-08-27 16:32:24.000000",1.0,6.63,1.0,N,234.0,25.0,2.0,28.5,0.0,0.5,0.0,0.0,0.3,31.8,2.5
1.0,"2019-08-27 16:53:56.000000","2019-08-27 17:28:44.000000",1.0,5.4,1.0,N,234.0,166.0,1.0,25.0,3.5,0.5,4.0,0.0,0.3,33.3,2.5
2.0,"2019-08-27 16:51:50.000000","2019-08-27 17:31:39.000000",1.0,4.7,1.0,N,234.0,52.0,1.0,25.0,1.0,0.5,7.33,0.0,0.3,36.63,2.5
2.0,"2019-08-27 18:51:40.000000","2019-08-27 19:17:28.000000",1.0,4.49,1.0,N,234.0,25.0,1.0,18.5,1.0,0.5,3.0,0.0,0.3,25.8,2.5
2.0,"2019-08-27 18:56:20.000000","2019-08-27 19:25:25.000000",5.0,6.67,1.0,N,234.0,24.0,2.0,25.0,1.0,0.5,0.0,0.0,0.3,29.3,2.5
2.0,"2019-08-27 19:36:49.000000","2019-08-27 20:11:54.000000",1.0,5.93,1.0,N,234.0,225.0,1.0,25.0,1.0,0.5,5.86,0.0,0.3,35.16,2.5
1.0,"2019-08-27 19:57:40.000000","2019-08-27 20:32:04.000000",1.0,5.8,1.0,N,234.0,61.0,2.0,25.0,3.5,0.5,0.0,0.0,0.3,29.3,2.5
2.0,"2019-08-27 19:56:18.000000","2019-08-27 20:24:39.000000",1.0,6.84,1.0,N,234.0,151.0,1.0,25.0,1.0,0.5,5.86,0.0,0.3,35.16,2.5
1.0,"2019-08-27 20:40:48.000000","2019-08-27 21:14:37.000000",1.0,6.0,1.0,N,234.0,181.0,1.0,25.0,3.0,0.5,5.75,0.0,0.3,34.55,2.5
2.0,"2019-08-27 21:34:29.000000","2019-08-27 21:53:34.000000",5.0,6.1,1.0,N,234.0,25.0,1.0,21.0,0.5,0.5,1.5,0.0,0.3,26.3,2.5
2.0,"2019-08-27 21:57:25.000000","2019-08-27 22:18:09.000000",1.0,4.78,1.0,N,234.0,25.0,1.0,18.0,0.5,0.5,4.0,0.0,0.3,25.8,2.5
2.0,"2019-08-27 21:33:38.000000","2019-08-27 21:51:55.000000",1.0,4.62,1.0,N,234.0,238.0,1.0,17.0,0.5,0.5,4.2,0.0,0.3,25.0,2.5
2.0,"2019-08-27 21:02:44.000000","2019-08-27 21:27:15.000000",1.0,7.59,1.0,N,234.0,42.0,1.0,25.0,0.5,0.5,2.5,0.0,0.3,31.3,2.5
2.0,"2019-08-27 21:59:36.000000","2019-08-27 22:20:42.000000",1.0,7.63,1.0,N,234.0,42.0,1.0,25.0,0.5,0.5,2.88,0.0,0.3,31.68,2.5
2.0,"2019-08-27 21:40:52.000000","2019-08-27 21:57:26.000000",5.0,6.03,1.0,N,234.0,25.0,1.0,19.5,0.5,0.5,4.66,0.0,0.3,27.96,2.5
2.0,"2019-08-27 22:01:28.000000","2019-08-27 22:32:45.000000",1.0,6.68,1.0,N,234.0,190.0,1.0,25.0,0.5,0.5,5.76,0.0,0.3,34.56,2.5
1.0,"2019-08-27 22:22:48.000000","2019-08-27 22:50:08.000000",1.0,7.2,1.0,N,234.0,223.0,1.0,25.0,3.0,0.5,3.0,0.0,0.3,31.8,2.5
1.0,"2019-08-27 23:56:27.000000","2019-08-28 00:22:13.000000",1.0,7.6,1.0,N,234.0,83.0,2.0,25.0,3.0,0.5,0.0,0.0,0.3,28.8,2.5
2.0,"2019-08-27 23:28:59.000000","2019-08-27 23:58:16.000000",1.0,6.9,1.0,N,234.0,129.0,1.0,25.0,0.5,0.5,5.76,0.0,0.3,34.56,2.5
2.0,"2019-08-28 00:19:29.000000","2019-08-28 00:35:57.000000",1.0,4.73,1.0,N,234.0,25.0,1.0,16.5,0.5,0.5,4.06,0.0,0.3,24.36,2.5
2.0,"2019-08-28 00:31:29.000000","2019-08-28 01:01:34.000000",3.0,6.88,1.0,N,234.0,17.0,2.0,25.0,0.5,0.5,0.0,0.0,0.3,28.8,2.5
2.0,"2019-08-28 10:49:08.000000","2019-08-28 11:13:36.000000",5.0,4.54,1.0,N,234.0,25.0,1.0,19.0,0.0,0.5,7.0,0.0,0.3,29.3,2.5
1.0,"2019-08-28 13:02:52.000000","2019-08-28 13:09:10.000000",1.0,0.0,1.0,N,234.0,234.0,1.0,24.2,0.0,0.5,0.0,0.0,0.3,25.0,0.0
1.0,"2019-08-28 15:43:09.000000","2019-08-28 16:23:07.000000",1.0,0.0,1.0,N,234.0,41.0,1.0,24.2,0.0,0.5,0.0,0.0,0.3,25.0,0.0
1.0,"2019-08-28 15:59:26.000000","2019-08-28 16:30:42.000000",1.0,6.4,1.0,N,234.0,25.0,2.0,23.5,2.5,0.5,0.0,0.0,0.3,26.8,2.5
2.0,"2019-08-28 15:22:08.000000","2019-08-28 15:56:12.000000",1.0,6.48,1.0,N,234.0,52.0,1.0,25.0,0.0,0.5,3.0,0.0,0.3,31.3,2.5
2.0,"2019-08-28 16:01:38.000000","2019-08-28 16:38:13.000000",1.0,5.59,1.0,N,234.0,238.0,1.0,25.0,1.0,0.5,5.86,0.0,0.3,35.16,2.5
2.0,"2019-08-28 16:10:23.000000","2019-08-28 16:45:04.000000",1.0,6.02,1.0,N,234.0,202.0,1.0,25.0,1.0,0.5,5.86,0.0,0.3,35.16,2.5
2.0,"2019-08-28 16:20:13.000000","2019-08-28 16:57:48.000000",6.0,5.07,1.0,N,234.0,49.0,1.0,25.0,1.0,0.5,5.86,0.0,0.3,35.16,2.5
2.0,"2019-08-28 19:59:32.000000","2019-08-28 20:27:38.000000",1.0,7.39,1.0,N,234.0,37.0,2.0,25.0,1.0,0.5,0.0,6.12,0.3,35.42,2.5
2.0,"2019-08-28 19:01:49.000000","2019-08-28 19:32:36.000000",2.0,7.06,1.0,N,234.0,41.0,2.0,25.0,3.5,0.5,0.0,0.0,0.3,29.3,0.0
2.0,"2019-08-28 20:26:27.000000","2019-08-28 20:50:16.000000",1.0,7.63,1.0,N,234.0,41.0,1.0,25.0,0.5,0.5,0.0,0.0,0.3,28.8,2.5
2.0,"2019-08-28 20:10:24.000000","2019-08-28 20:43:36.000000",6.0,6.16,1.0,N,234.0,106.0,1.0,25.0,0.5,0.5,6.0,0.0,0.3,34.8,2.5
2.0,"2019-08-28 21:20:32.000000","2019-08-28 21:51:34.000000",2.0,6.73,1.0,N,234.0,62.0,1.0,25.0,0.5,0.5,4.61,0.0,0.3,33.41,2.5
1.0,"2019-08-28 21:13:03.000000","2019-08-28 21:44:53.000000",1.0,7.0,1.0,N,234.0,257.0,1.0,25.0,3.0,0.5,5.75,0.0,0.3,34.55,2.5
2.0,"2019-08-28 21:41:34.000000","2019-08-28 22:04:04.000000",1.0,4.88,1.0,N,234.0,25.0,1.0,18.0,0.5,0.5,4.36,0.0,0.3,26.16,2.5
2.0,"2019-08-28 21:46:57.000000","2019-08-28 22:07:03.000000",1.0,4.78,1.0,N,234.0,25.0,1.0,18.0,0.5,0.5,4.36,0.0,0.3,26.16,2.5
1.0,"2019-08-28 21:12:24.000000","2019-08-28 21:30:30.000000",1.0,4.0,1.0,N,234.0,25.0,2.0,15.0,3.0,0.5,0.0,0.0,0.3,18.8,2.5
1.0,"2019-08-28 22:09:10.000000","2019-08-28 22:29:31.000000",1.0,5.1,1.0,N,234.0,25.0,1.0,18.5,3.0,0.5,4.45,0.0,0.3,26.75,2.5
2.0,"2019-08-28 22:38:50.000000","2019-08-28 23:00:16.000000",1.0,4.7,1.0,N,234.0,25.0,1.0,18.0,0.5,0.5,4.36,0.0,0.3,26.16,2.5
2.0,"2019-08-29 00:33:00.000000","2019-08-29 00:50:12.000000",1.0,4.57,1.0,N,234.0,25.0,1.0,16.5,0.5,0.5,4.06,0.0,0.3,24.36,2.5
2.0,"2019-08-29 01:32:50.000000","2019-08-29 02:01:33.000000",6.0,7.28,1.0,N,234.0,61.0,1.0,25.0,0.5,0.5,2.0,0.0,0.3,30.8,2.5
2.0,"2019-08-29 12:53:51.000000","2019-08-29 13:36:29.000000",4.0,3.29,1.0,N,234.0,107.0,2.0,25.0,0.0,0.5,0.0,0.0,0.3,28.3,2.5
2.0,"2019-08-29 15:29:43.000000","2019-08-29 16:05:16.000000",1.0,5.66,1.0,N,234.0,74.0,1.0,25.0,0.0,0.5,5.66,0.0,0.3,33.96,2.5
2.0,"2019-08-29 15:02:32.000000","2019-08-29 15:31:53.000000",5.0,4.41,1.0,N,234.0,25.0,1.0,20.5,0.0,0.5,5.95,0.0,0.3,29.75,2.5
2.0,"2019-08-29 18:08:35.000000","2019-08-29 18:35:17.000000",1.0,4.35,1.0,N,234.0,25.0,1.0,18.5,1.0,0.5,4.56,0.0,0.3,27.36,2.5
2.0,"2019-08-29 18:59:22.000000","2019-08-29 19:25:02.000000",2.0,4.61,1.0,N,234.0,25.0,1.0,18.5,1.0,0.5,4.56,0.0,0.3,27.36,2.5
1.0,"2019-08-29 19:18:47.000000","2019-08-29 19:45:10.000000",1.0,4.9,1.0,N,234.0,25.0,1.0,19.0,3.5,0.5,4.65,0.0,0.3,27.95,2.5
2.0,"2019-08-29 20:59:24.000000","2019-08-29 21:24:42.000000",1.0,4.22,1.0,N,234.0,97.0,1.0,18.5,0.5,0.5,2.7,0.0,0.3,25.0,2.5
1.0,"2019-08-29 20:15:26.000000","2019-08-29 20:39:40.000000",1.0,6.7,1.0,N,234.0,25.0,1.0,22.5,3.0,0.5,7.85,0.0,0.3,34.15,2.5
2.0,"2019-08-29 21:46:26.000000","2019-08-29 22:10:15.000000",2.0,5.07,1.0,N,234.0,25.0,2.0,19.5,0.5,0.5,0.0,0.0,0.3,23.3,2.5
2.0,"2019-08-29 21:25:09.000000","2019-08-29 21:48:48.000000",5.0,4.49,1.0,N,234.0,25.0,1.0,18.0,0.5,0.5,3.0,0.0,0.3,24.8,2.5
2.0,"2019-08-29 22:24:57.000000","2019-08-29 22:55:09.000000",1.0,6.84,1.0,N,234.0,7.0,1.0,25.0,0.5,0.5,5.76,0.0,0.3,34.56,2.5
1.0,"2019-08-29 22:36:04.000000","2019-08-29 22:57:38.000000",2.0,4.6,1.0,N,234.0,151.0,1.0,18.0,3.0,0.5,3.2,0.0,0.3,25.0,2.5
1.0,"2019-08-29 22:55:26.000000","2019-08-29 23:27:09.000000",1.0,6.7,1.0,N,234.0,17.0,1.0,25.0,3.0,0.5,5.0,0.0,0.3,33.8,2.5
2.0,"2019-08-29 23:31:54.000000","2019-08-29 23:50:28.000000",5.0,4.7,1.0,N,234.0,25.0,1.0,16.5,0.5,0.5,4.06,0.0,0.3,24.36,2.5
2.0,"2019-08-29 23:17:49.000000","2019-08-29 23:36:30.000000",5.0,4.86,1.0,N,234.0,25.0,1.0,18.0,0.5,0.5,4.36,0.0,0.3,26.16,2.5
2.0,"2019-08-30 12:51:20.000000","2019-08-30 13:17:37.000000",2.0,4.2,1.0,N,234.0,25.0,1.0,19.0,0.0,0.5,2.0,0.0,0.3,24.3,2.5
2.0,"2019-08-30 13:28:24.000000","2019-08-30 14:01:06.000000",1.0,6.47,1.0,N,234.0,40.0,1.0,25.0,0.0,0.5,5.0,6.12,0.3,39.42,2.5
2.0,"2019-08-30 15:00:06.000000","2019-08-30 15:41:30.000000",1.0,3.08,1.0,N,234.0,209.0,1.0,25.0,0.0,0.5,5.66,0.0,0.3,33.96,2.5
2.0,"2019-08-30 16:08:59.000000","2019-08-30 16:42:30.000000",1.0,5.64,1.0,N,234.0,41.0,1.0,25.0,1.0,0.5,8.79,0.0,0.3,38.09,2.5
2.0,"2019-08-30 17:39:09.000000","2019-08-30 18:01:18.000000",1.0,3.83,1.0,N,234.0,43.0,1.0,16.5,1.0,0.5,4.2,0.0,0.3,25.0,2.5
2.0,"2019-08-30 19:09:58.000000","2019-08-30 19:45:07.000000",1.0,5.09,1.0,N,234.0,36.0,2.0,25.0,1.0,0.5,0.0,0.0,0.3,29.3,2.5
1.0,"2019-08-30 20:40:04.000000","2019-08-30 21:07:04.000000",1.0,5.1,1.0,N,234.0,25.0,2.0,20.5,3.0,0.5,0.0,0.0,0.3,24.3,2.5
2.0,"2019-08-30 19:59:57.000000","2019-08-30 20:25:11.000000",1.0,4.18,1.0,N,234.0,25.0,2.0,18.5,0.5,0.5,0.0,0.0,0.3,22.3,2.5
1.0,"2019-08-30 20:10:55.000000","2019-08-30 20:50:12.000000",2.0,9.6,1.0,N,234.0,25.0,1.0,32.5,3.0,0.5,9.05,0.0,0.3,45.35,2.5
1.0,"2019-08-30 20:04:57.000000","2019-08-30 20:40:48.000000",1.0,5.4,1.0,N,234.0,36.0,1.0,25.0,3.0,0.5,2.0,0.0,0.3,30.8,2.5
1.0,"2019-08-30 21:07:57.000000","2019-08-30 21:40:58.000000",1.0,5.8,1.0,N,234.0,80.0,1.0,25.0,3.0,0.5,2.0,0.0,0.3,30.8,2.5
2.0,"2019-08-30 20:51:02.000000","2019-08-30 21:24:42.000000",1.0,5.73,1.0,N,234.0,181.0,1.0,25.0,0.5,0.5,5.76,0.0,0.3,34.56,2.5
2.0,"2019-08-30 22:15:54.000000","2019-08-30 22:33:22.000000",2.0,3.01,1.0,N,234.0,142.0,1.0,13.0,0.5,0.5,25.0,0.0,0.3,41.8,2.5
2.0,"2019-08-30 22:23:26.000000","2019-08-30 22:57:36.000000",1.0,6.33,1.0,N,234.0,181.0,1.0,25.0,0.5,0.5,5.76,0.0,0.3,34.56,2.5
2.0,"2019-08-31 01:19:51.000000","2019-08-31 01:37:35.000000",2.0,6.28,1.0,N,234.0,25.0,2.0,20.5,0.5,0.5,0.0,0.0,0.3,24.3,2.5
2.0,"2019-08-31 02:34:12.000000","2019-08-31 02:59:14.000000",1.0,8.23,1.0,N,234.0,80.0,1.0,25.0,0.5,0.5,6.0,6.12,0.3,40.92,2.5
2.0,"2019-08-31 13:17:25.000000","2019-08-31 13:47:09.000000",2.0,5.81,1.0,N,234.0,25.0,1.0,23.0,0.0,0.5,6.58,0.0,0.3,32.88,2.5
2.0,"2019-08-31 13:37:42.000000","2019-08-31 14:06:32.000000",1.0,6.91,1.0,N,234.0,36.0,1.0,25.0,0.0,0.5,8.49,0.0,0.3,36.79,2.5
1.0,"2019-08-31 15:13:37.000000","2019-08-31 15:50:18.000000",2.0,16.3,3.0,N,234.0,1.0,1.0,65.0,0.0,0.0,10.0,25.0,0.3,100.3,0.0
1.0,"2019-08-31 16:32:55.000000","2019-08-31 17:00:57.000000",1.0,6.8,1.0,N,234.0,106.0,1.0,25.0,2.5,0.5,5.65,0.0,0.3,33.95,2.5
1.0,"2019-08-31 18:48:38.000000","2019-08-31 19:15:06.000000",1.0,6.4,1.0,N,234.0,25.0,1.0,23.0,2.5,0.5,2.0,0.0,0.3,28.3,2.5
2.0,"2019-08-31 19:53:21.000000","2019-08-31 20:26:32.000000",1.0,6.27,1.0,N,234.0,189.0,1.0,25.0,0.0,0.5,5.66,0.0,0.3,33.96,2.5
2.0,"2019-08-31 19:58:29.000000","2019-08-31 20:23:16.000000",1.0,7.86,1.0,N,234.0,228.0,1.0,25.0,0.0,0.5,6.88,6.12,0.3,41.3,2.5
1.0,"2019-08-31 23:56:21.000000","2019-09-01 00:23:00.000000",1.0,7.6,1.0,N,234.0,260.0,2.0,25.0,3.0,0.5,0.0,0.0,0.3,28.8,2.5
