2.0,"2019-08-01 00:35:25.000000","2019-08-01 01:05:39.000000",1.0,7.52,1.0,N,234.0,36.0,1.0,26.5,0.5,0.5,6.06,0.0,0.3,36.36,2.5
2.0,"2019-08-01 00:26:12.000000","2019-08-01 00:54:21.000000",1.0,12.17,1.0,N,234.0,92.0,1.0,36.0,0.5,0.5,9.18,6.12,0.3,55.1,2.5
2.0,"2019-08-01 01:59:49.000000","2019-08-01 02:28:13.000000",1.0,6.87,1.0,N,234.0,36.0,1.0,24.5,0.5,0.5,5.66,0.0,0.3,33.96,2.5
2.0,"2019-08-01 01:29:39.000000","2019-08-01 01:45:25.000000",1.0,6.54,1.0,N,234.0,36.0,1.0,20.0,0.5,0.5,4.76,0.0,0.3,28.56,2.5
1.0,"2019-08-01 02:04:35.000000","2019-08-01 02:31:47.000000",4.0,6.6,1.0,N,234.0,36.0,1.0,24.0,3.0,0.5,2.0,0.0,0.3,29.8,2.5
2.0,"2019-08-01 11:27:15.000000","2019-08-01 12:11:36.000000",1.0,9.82,1.0,N,234.0,181.0,1.0,36.0,0.0,0.5,9.08,6.12,0.3,54.5,2.5
2.0,"2019-08-01 14:21:26.000000","2019-08-01 15:00:31.000000",1.0,5.65,1.0,N,234.0,36.0,1.0,27.5,0.0,0.5,6.16,0.0,0.3,36.96,2.5
1.0,"2019-08-01 16:26:31.000000","2019-08-01 17:12:30.000000",1.0,10.9,1.0,N,234.0,14.0,1.0,36.0,3.5,0.5,5.0,0.0,0.3,45.3,2.5
1.0,"2019-08-01 18:49:35.000000","2019-08-01 19:23:17.000000",0.0,7.0,1.0,N,234.0,36.0,1.0,26.5,1.0,0.5,0.0,6.12,0.3,34.42,0.0
2.0,"2019-08-01 18:11:12.000000","2019-08-01 18:52:35.000000",6.0,5.5,1.0,N,234.0,36.0,1.0,28.0,1.0,0.5,6.46,0.0,0.3,38.76,2.5
1.0,"2019-08-01 19:19:46.000000","2019-08-01 19:50:15.000000",1.0,12.4,1.0,N,234.0,14.0,1.0,36.0,3.5,0.5,6.96,6.12,0.3,53.38,2.5
2.0,"2019-08-01 21:48:11.000000","2019-08-01 22:26:59.000000",1.0,6.89,1.0,N,234.0,36.0,1.0,29.5,0.5,0.5,6.66,0.0,0.3,39.96,2.5
2.0,"2019-08-01 23:18:40.000000","2019-08-01 23:51:03.000000",1.0,8.32,1.0,N,234.0,36.0,2.0,28.5,0.5,0.5,0.0,0.0,0.3,32.3,2.5
1.0,"2019-08-01 23:51:33.000000","2019-08-02 00:20:32.000000",2.0,5.7,1.0,N,234.0,36.0,1.0,23.0,3.0,0.5,5.35,0.0,0.3,32.15,2.5
2.0,"2019-08-01 23:45:46.000000","2019-08-02 00:12:39.000000",1.0,5.79,1.0,N,234.0,36.0,1.0,22.0,0.5,0.5,7.74,0.0,0.3,35.49,2.5
2.0,"2019-08-01 23:25:49.000000","2019-08-01 23:56:01.000000",1.0,5.84,1.0,N,234.0,36.0,1.0,23.5,0.5,0.5,5.46,0.0,0.3,32.76,2.5
2.0,"2019-08-02 03:45:32.000000","2019-08-02 04:13:55.000000",5.0,6.62,1.0,N,234.0,36.0,2.0,24.0,0.5,0.5,0.0,0.0,0.3,27.8,2.5
1.0,"2019-08-02 04:39:19.000000","2019-08-02 05:03:55.000000",1.0,6.0,1.0,N,234.0,36.0,2.0,22.0,3.0,0.5,0.0,0.0,0.3,25.8,2.5
2.0,"2019-08-02 15:06:37.000000","2019-08-02 16:07:44.000000",1.0,6.84,1.0,N,234.0,36.0,1.0,37.5,0.0,0.5,0.0,0.0,0.3,40.8,2.5
2.0,"2019-08-02 20:25:23.000000","2019-08-02 20:56:03.000000",2.0,11.5,1.0,N,234.0,127.0,1.0,36.0,0.5,0.5,7.96,0.0,0.3,47.76,2.5
1.0,"2019-08-02 20:38:01.000000","2019-08-02 21:25:36.000000",2.0,8.6,1.0,N,234.0,36.0,1.0,35.0,3.0,0.5,0.0,0.0,0.3,38.8,2.5
2.0,"2019-08-02 22:43:19.000000","2019-08-02 23:16:16.000000",3.0,11.57,1.0,N,234.0,89.0,1.0,36.0,0.5,0.5,7.96,0.0,0.3,47.76,2.5
2.0,"2019-08-03 00:19:42.000000","2019-08-03 00:57:38.000000",2.0,8.04,1.0,N,234.0,36.0,1.0,30.0,0.5,0.5,10.14,0.0,0.3,43.94,2.5
1.0,"2019-08-03 00:58:20.000000","2019-08-03 01:30:34.000000",2.0,6.6,1.0,N,234.0,36.0,2.0,25.0,3.0,0.5,0.0,0.0,0.3,28.8,2.5
2.0,"2019-08-03 01:46:53.000000","2019-08-03 02:12:34.000000",1.0,7.38,1.0,N,234.0,36.0,2.0,24.0,0.5,0.5,0.0,6.12,0.3,33.92,2.5
2.0,"2019-08-03 02:23:47.000000","2019-08-03 02:51:05.000000",1.0,12.13,1.0,N,234.0,171.0,1.0,36.0,0.5,0.5,9.18,6.12,0.3,55.1,2.5
2.0,"2019-08-03 04:12:57.000000","2019-08-03 04:39:31.000000",2.0,7.39,1.0,N,234.0,36.0,1.0,25.0,0.5,0.5,5.76,0.0,0.3,34.56,2.5
2.0,"2019-08-03 05:32:47.000000","2019-08-03 05:54:12.000000",1.0,6.13,1.0,N,234.0,36.0,1.0,21.0,0.5,0.5,2.48,0.0,0.3,27.28,2.5
1.0,"2019-08-03 13:06:56.000000","2019-08-03 13:50:58.000000",1.0,9.1,1.0,N,234.0,173.0,2.0,36.0,2.5,0.5,0.0,6.12,0.3,45.42,2.5
2.0,"2019-08-03 17:42:26.000000","2019-08-03 18:11:22.000000",1.0,6.16,1.0,N,234.0,36.0,1.0,23.0,0.0,0.5,5.26,0.0,0.3,31.56,2.5
2.0,"2019-08-03 19:41:49.000000","2019-08-03 20:06:55.000000",1.0,5.91,1.0,N,234.0,36.0,2.0,21.0,0.0,0.5,0.0,0.0,0.3,24.3,2.5
2.0,"2019-08-04 02:45:05.000000","2019-08-04 03:15:43.000000",1.0,6.78,1.0,N,234.0,36.0,1.0,25.0,0.5,0.5,7.2,0.0,0.3,36.0,2.5
2.0,"2019-08-04 03:43:07.000000","2019-08-04 04:04:42.000000",1.0,6.57,1.0,N,234.0,36.0,1.0,22.0,0.5,0.5,5.16,0.0,0.3,30.96,2.5
2.0,"2019-08-04 03:42:08.000000","2019-08-04 04:14:09.000000",1.0,11.77,1.0,N,234.0,224.0,2.0,36.0,0.5,0.5,0.0,0.0,0.3,39.8,2.5
2.0,"2019-08-04 11:24:52.000000","2019-08-04 11:52:19.000000",1.0,11.86,1.0,N,234.0,138.0,2.0,36.0,0.0,0.5,0.0,6.12,0.3,45.42,2.5
2.0,"2019-08-04 13:46:25.000000","2019-08-04 14:21:02.000000",3.0,5.41,1.0,N,234.0,112.0,1.0,25.5,0.0,0.5,7.2,0.0,0.3,36.0,2.5
2.0,"2019-08-04 15:18:29.000000","2019-08-04 15:52:39.000000",1.0,11.14,1.0,N,234.0,127.0,2.0,36.0,0.0,0.5,0.0,0.0,0.3,39.3,2.5
2.0,"2019-08-04 17:52:08.000000","2019-08-04 18:30:20.000000",2.0,10.54,1.0,N,234.0,138.0,1.0,36.0,0.0,0.5,9.08,6.12,0.3,54.5,2.5
1.0,"2019-08-04 17:14:36.000000","2019-08-04 17:45:43.000000",1.0,7.2,1.0,N,234.0,36.0,1.0,25.5,2.5,0.5,5.75,0.0,0.3,34.55,2.5
2.0,"2019-08-04 17:30:49.000000","2019-08-04 18:01:10.000000",1.0,6.01,1.0,N,234.0,36.0,1.0,23.5,0.0,0.5,4.0,0.0,0.3,30.8,2.5
2.0,"2019-08-05 02:05:06.000000","2019-08-05 02:34:37.000000",3.0,7.73,1.0,N,234.0,36.0,2.0,27.5,0.5,0.5,0.0,0.0,0.3,31.3,2.5
1.0,"2019-08-05 02:43:17.000000","2019-08-05 03:05:59.000000",1.0,5.9,1.0,N,234.0,36.0,1.0,20.5,3.0,0.5,4.85,0.0,0.3,29.15,2.5
2.0,"2019-08-05 02:54:56.000000","2019-08-05 03:23:15.000000",1.0,8.21,1.0,N,234.0,36.0,1.0,27.5,0.5,0.5,6.26,0.0,0.3,37.56,2.5
2.0,"2019-08-05 10:34:27.000000","2019-08-05 11:02:38.000000",1.0,12.7,1.0,N,234.0,197.0,1.0,36.0,0.0,0.5,5.0,6.12,0.3,50.42,2.5
2.0,"2019-08-05 15:02:26.000000","2019-08-05 16:06:06.000000",1.0,3.25,1.0,N,234.0,164.0,1.0,36.0,0.0,0.5,9.82,0.0,0.3,49.12,2.5
2.0,"2019-08-06 04:28:59.000000","2019-08-06 04:56:30.000000",2.0,8.16,1.0,N,234.0,36.0,1.0,27.5,0.5,0.5,6.26,0.0,0.3,37.56,2.5
2.0,"2019-08-06 15:55:19.000000","2019-08-06 16:31:14.000000",1.0,10.74,1.0,N,234.0,138.0,1.0,36.0,0.0,0.5,11.36,6.12,0.3,56.78,2.5
1.0,"2019-08-06 20:14:12.000000","2019-08-06 20:41:01.000000",1.0,7.3,1.0,N,234.0,168.0,1.0,25.0,3.0,0.5,7.2,0.0,0.3,36.0,2.5
2.0,"2019-08-06 20:23:54.000000","2019-08-06 20:58:12.000000",1.0,8.6,1.0,N,234.0,36.0,2.0,30.0,0.5,0.5,0.0,0.0,0.3,33.8,2.5
2.0,"2019-08-06 21:37:47.000000","2019-08-06 22:02:34.000000",1.0,7.79,1.0,N,234.0,36.0,2.0,25.0,0.5,0.5,0.0,6.12,0.3,34.92,2.5
1.0,"2019-08-06 23:48:23.000000","2019-08-07 00:22:12.000000",1.0,6.8,1.0,N,234.0,36.0,1.0,26.5,3.0,0.5,6.05,0.0,0.3,36.35,2.5
1.0,"2019-08-06 23:15:36.000000","2019-08-06 23:51:00.000000",3.0,8.2,1.0,N,234.0,36.0,1.0,28.5,3.0,0.5,5.0,6.12,0.3,43.42,2.5
2.0,"2019-08-07 00:05:48.000000","2019-08-07 00:28:01.000000",6.0,8.92,1.0,N,234.0,244.0,1.0,27.5,0.5,0.5,4.7,0.0,0.3,36.0,2.5
1.0,"2019-08-07 10:59:17.000000","2019-08-07 11:28:53.000000",2.0,11.9,1.0,N,234.0,14.0,1.0,36.0,2.5,0.5,9.08,6.12,0.3,54.5,2.5
1.0,"2019-08-07 13:29:02.000000","2019-08-07 14:05:12.000000",1.0,10.7,1.0,N,234.0,138.0,1.0,36.0,2.5,0.5,18.0,6.12,0.3,63.42,2.5
2.0,"2019-08-07 14:50:17.000000","2019-08-07 15:46:39.000000",1.0,7.17,1.0,N,234.0,166.0,2.0,36.0,0.0,0.5,0.0,0.0,0.3,39.3,2.5
2.0,"2019-08-07 14:30:52.000000","2019-08-07 15:06:10.000000",1.0,10.86,1.0,N,234.0,138.0,1.0,36.0,0.0,0.5,9.08,6.12,0.3,54.5,2.5
2.0,"2019-08-07 19:13:46.000000","2019-08-07 19:56:45.000000",1.0,6.66,1.0,N,234.0,36.0,2.0,29.5,1.0,0.5,0.0,0.0,0.3,33.8,2.5
2.0,"2019-08-07 19:56:41.000000","2019-08-07 20:28:51.000000",1.0,8.1,1.0,N,234.0,36.0,1.0,28.0,1.0,0.5,2.0,6.12,0.3,40.42,2.5
2.0,"2019-08-07 22:04:16.000000","2019-08-07 22:33:36.000000",4.0,7.0,1.0,N,234.0,36.0,1.0,25.5,0.5,0.5,2.93,0.0,0.3,32.23,2.5
2.0,"2019-08-07 22:21:46.000000","2019-08-07 22:52:04.000000",6.0,12.18,1.0,N,234.0,14.0,1.0,36.0,0.5,0.5,9.18,6.12,0.3,55.1,2.5
2.0,"2019-08-07 22:12:03.000000","2019-08-07 22:38:23.000000",1.0,12.16,1.0,N,234.0,220.0,1.0,36.0,0.5,0.5,8.52,2.8,0.3,51.12,2.5
2.0,"2019-08-08 00:15:38.000000","2019-08-08 00:37:04.000000",5.0,6.2,1.0,N,234.0,36.0,1.0,21.0,0.5,0.5,4.96,0.0,0.3,29.76,2.5
2.0,"2019-08-08 03:12:42.000000","2019-08-08 03:39:32.000000",1.0,12.37,1.0,N,234.0,220.0,1.0,36.0,0.5,0.5,20.0,2.8,0.3,62.6,2.5
1.0,"2019-08-08 10:05:23.000000","2019-08-08 10:45:19.000000",1.0,9.1,1.0,N,234.0,138.0,2.0,36.0,2.5,0.5,0.0,6.12,0.3,45.42,2.5
1.0,"2019-08-08 11:35:18.000000","2019-08-08 12:17:04.000000",1.0,9.6,1.0,N,234.0,138.0,1.0,36.0,2.5,0.5,9.05,6.12,0.3,54.47,2.5
1.0,"2019-08-08 18:03:55.000000","2019-08-08 18:52:10.000000",0.0,10.3,1.0,N,234.0,138.0,1.0,36.0,3.5,0.5,9.25,6.12,0.3,55.67,2.5
2.0,"2019-08-08 19:07:21.000000","2019-08-08 19:55:01.000000",1.0,9.63,1.0,N,234.0,244.0,1.0,36.0,1.0,0.5,5.0,0.0,0.3,45.3,2.5
1.0,"2019-08-08 20:03:06.000000","2019-08-08 20:42:39.000000",2.0,11.4,1.0,N,234.0,243.0,1.0,36.0,3.0,0.5,7.95,0.0,0.3,47.75,2.5
2.0,"2019-08-08 21:02:14.000000","2019-08-08 21:50:30.000000",1.0,9.26,1.0,N,234.0,188.0,1.0,36.0,0.5,0.5,7.96,0.0,0.3,47.76,2.5
2.0,"2019-08-08 21:53:11.000000","2019-08-08 22:37:04.000000",5.0,9.68,1.0,N,234.0,160.0,1.0,36.0,0.5,0.5,3.5,0.0,0.3,43.3,2.5
1.0,"2019-08-08 22:19:01.000000","2019-08-08 22:55:04.000000",1.0,11.2,1.0,N,234.0,127.0,2.0,36.0,3.0,0.5,0.0,0.0,0.3,39.8,2.5
1.0,"2019-08-08 23:43:34.000000","2019-08-09 00:12:23.000000",1.0,7.2,1.0,N,234.0,223.0,1.0,25.0,3.0,0.5,7.2,0.0,0.3,36.0,2.5
2.0,"2019-08-08 23:39:04.000000","2019-08-09 00:23:58.000000",1.0,8.14,1.0,N,234.0,36.0,1.0,34.0,0.5,0.5,9.45,0.0,0.3,47.25,2.5
1.0,"2019-08-09 00:58:55.000000","2019-08-09 01:25:00.000000",1.0,12.5,1.0,N,234.0,182.0,4.0,36.0,3.0,0.5,0.0,0.0,0.3,39.8,2.5
1.0,"2019-08-09 12:48:11.000000","2019-08-09 13:23:31.000000",1.0,11.3,1.0,N,234.0,70.0,1.0,36.0,2.5,0.5,9.05,6.12,0.3,54.47,2.5
1.0,"2019-08-09 14:22:55.000000","2019-08-09 15:11:48.000000",1.0,9.3,1.0,N,234.0,138.0,1.0,36.0,3.0,0.5,9.18,6.12,0.3,55.1,2.5
2.0,"2019-08-09 16:06:06.000000","2019-08-09 16:50:17.000000",1.0,9.27,1.0,N,234.0,138.0,1.0,36.0,1.0,0.5,9.28,6.12,0.3,55.7,2.5
1.0,"2019-08-09 17:13:57.000000","2019-08-09 18:06:31.000000",1.0,10.2,1.0,N,234.0,243.0,1.0,36.0,3.5,0.5,10.0,0.0,0.3,50.3,2.5
2.0,"2019-08-09 19:21:09.000000","2019-08-09 19:58:23.000000",1.0,5.76,1.0,N,234.0,36.0,1.0,26.5,1.0,0.5,6.16,0.0,0.3,36.96,2.5
1.0,"2019-08-09 23:27:59.000000","2019-08-09 23:59:59.000000",2.0,5.7,1.0,N,234.0,36.0,1.0,24.0,3.0,0.5,8.3,0.0,0.3,36.1,2.5
2.0,"2019-08-10 00:46:22.000000","2019-08-10 01:15:11.000000",1.0,5.62,1.0,N,234.0,36.0,2.0,22.5,0.5,0.5,0.0,0.0,0.3,26.3,2.5
2.0,"2019-08-10 00:20:03.000000","2019-08-10 00:41:37.000000",2.0,7.85,1.0,N,234.0,42.0,1.0,25.0,0.5,0.5,7.2,0.0,0.3,36.0,2.5
2.0,"2019-08-10 01:56:15.000000","2019-08-10 02:22:50.000000",1.0,12.35,1.0,N,234.0,94.0,2.0,36.0,0.5,0.5,0.0,0.0,0.3,39.8,2.5
1.0,"2019-08-10 17:46:40.000000","2019-08-10 18:29:06.000000",1.0,0.0,1.0,N,234.0,91.0,1.0,35.2,0.0,0.5,0.0,0.0,0.3,36.0,0.0
2.0,"2019-08-10 18:26:21.000000","2019-08-10 19:15:28.000000",1.0,8.71,1.0,N,234.0,89.0,1.0,36.0,0.0,0.5,0.0,0.0,0.3,36.8,0.0
2.0,"2019-08-10 18:23:54.000000","2019-08-10 18:50:06.000000",1.0,7.63,1.0,N,234.0,36.0,1.0,25.5,0.0,0.5,6.98,6.12,0.3,41.9,2.5
2.0,"2019-08-11 01:54:48.000000","2019-08-11 02:24:35.000000",1.0,11.93,1.0,N,234.0,22.0,1.0,36.0,0.5,0.5,0.0,0.0,0.3,39.8,2.5
2.0,"2019-08-11 02:35:34.000000","2019-08-11 03:00:18.000000",1.0,5.63,1.0,N,234.0,36.0,1.0,21.0,0.5,0.5,4.96,0.0,0.3,29.76,2.5
2.0,"2019-08-11 08:12:47.000000","2019-08-11 08:36:16.000000",2.0,12.84,1.0,N,234.0,138.0,1.0,36.0,0.0,0.5,6.0,6.12,0.3,51.42,2.5
1.0,"2019-08-11 15:11:52.000000","2019-08-11 15:47:36.000000",1.0,5.5,1.0,N,234.0,255.0,1.0,25.5,2.5,0.5,7.2,0.0,0.3,36.0,2.5
2.0,"2019-08-12 00:52:55.000000","2019-08-12 01:22:05.000000",2.0,6.87,1.0,N,234.0,36.0,1.0,24.5,0.5,0.5,7.08,0.0,0.3,35.38,2.5
1.0,"2019-08-12 02:37:54.000000","2019-08-12 03:02:30.000000",1.0,7.7,1.0,N,234.0,36.0,1.0,25.5,3.0,0.5,6.0,0.0,0.3,35.3,2.5
1.0,"2019-08-12 05:30:10.000000","2019-08-12 06:00:37.000000",1.0,11.2,1.0,N,234.0,56.0,2.0,36.0,3.0,0.5,0.0,0.0,0.3,39.8,2.5
1.0,"2019-08-12 13:51:17.000000","2019-08-12 14:28:56.000000",1.0,6.2,1.0,N,234.0,36.0,2.0,27.5,2.5,0.5,0.0,0.0,0.3,30.8,2.5
1.0,"2019-08-12 14:02:52.000000","2019-08-12 14:40:11.000000",1.0,0.0,1.0,N,234.0,36.0,1.0,24.2,0.0,0.5,0.0,0.0,0.3,25.0,0.0
1.0,"2019-08-12 15:50:48.000000","2019-08-12 16:33:08.000000",1.0,0.0,1.0,N,234.0,36.0,1.0,26.2,0.0,0.5,0.0,0.0,0.3,27.0,0.0
2.0,"2019-08-12 17:03:40.000000","2019-08-12 17:42:32.000000",1.0,6.44,1.0,N,234.0,36.0,2.0,28.0,1.0,0.5,0.0,0.0,0.3,32.3,2.5
2.0,"2019-08-12 21:47:39.000000","2019-08-12 22:15:03.000000",5.0,12.24,1.0,N,234.0,220.0,1.0,36.0,0.5,0.5,10.65,2.8,0.3,53.25,2.5
2.0,"2019-08-12 21:19:27.000000","2019-08-12 21:44:46.000000",1.0,6.12,1.0,N,234.0,36.0,1.0,22.0,0.5,0.5,5.16,0.0,0.3,30.96,2.5
2.0,"2019-08-12 22:29:42.000000","2019-08-12 23:02:05.000000",3.0,7.11,1.0,N,234.0,36.0,1.0,26.0,0.5,0.5,4.0,0.0,0.3,33.8,2.5
2.0,"2019-08-13 00:55:21.000000","2019-08-13 01:14:22.000000",2.0,5.82,1.0,N,234.0,36.0,1.0,20.0,0.5,0.5,3.0,0.0,0.3,26.8,2.5
2.0,"2019-08-13 03:20:07.000000","2019-08-13 03:44:02.000000",1.0,6.45,1.0,N,234.0,36.0,1.0,22.5,0.5,0.5,5.26,0.0,0.3,31.56,2.5
1.0,"2019-08-14 00:33:04.000000","2019-08-14 01:02:57.000000",1.0,7.0,1.0,N,234.0,36.0,1.0,25.5,3.0,0.5,0.0,0.0,0.3,29.3,2.5
2.0,"2019-08-14 01:18:18.000000","2019-08-14 01:37:58.000000",1.0,6.78,1.0,N,234.0,36.0,1.0,21.0,0.5,0.5,7.44,0.0,0.3,32.24,2.5
1.0,"2019-08-14 22:18:35.000000","2019-08-14 22:52:44.000000",1.0,6.4,1.0,N,234.0,36.0,2.0,25.5,3.0,0.5,0.0,0.0,0.3,29.3,2.5
1.0,"2019-08-15 06:13:16.000000","2019-08-15 06:38:48.000000",1.0,12.5,1.0,N,234.0,138.0,1.0,36.0,2.5,0.5,9.05,6.12,0.3,54.47,2.5
1.0,"2019-08-15 07:00:08.000000","2019-08-15 07:30:20.000000",1.0,11.8,1.0,N,234.0,138.0,1.0,36.0,2.5,0.5,7.86,0.0,0.3,47.16,2.5
2.0,"2019-08-15 14:38:27.000000","2019-08-15 15:25:43.000000",3.0,10.31,1.0,N,234.0,138.0,1.0,36.0,0.0,0.5,9.08,6.12,0.3,54.5,2.5
1.0,"2019-08-15 14:19:32.000000","2019-08-15 15:07:13.000000",1.0,9.5,1.0,N,234.0,102.0,1.0,36.0,2.5,0.5,9.05,6.12,0.3,54.47,2.5
2.0,"2019-08-15 15:00:40.000000","2019-08-15 15:41:38.000000",1.0,10.28,1.0,N,234.0,138.0,1.0,36.0,0.0,0.5,4.54,6.12,0.3,49.96,2.5
2.0,"2019-08-15 16:20:58.000000","2019-08-15 17:02:31.000000",3.0,9.82,1.0,N,234.0,138.0,1.0,36.0,1.0,0.5,9.28,6.12,0.3,55.7,2.5
1.0,"2019-08-15 21:57:47.000000","2019-08-15 22:30:20.000000",1.0,11.5,1.0,N,234.0,14.0,1.0,36.0,3.0,0.5,9.9,0.0,0.3,49.7,2.5
1.0,"2019-08-15 21:47:27.000000","2019-08-15 22:21:29.000000",2.0,6.5,1.0,N,234.0,36.0,1.0,27.0,3.0,0.5,6.15,0.0,0.3,36.95,2.5
2.0,"2019-08-15 21:42:06.000000","2019-08-15 22:15:26.000000",1.0,10.82,1.0,N,234.0,127.0,2.0,36.0,0.5,0.5,0.0,0.0,0.3,39.8,2.5
2.0,"2019-08-15 21:39:56.000000","2019-08-15 22:13:13.000000",1.0,10.99,1.0,N,234.0,127.0,1.0,36.0,0.5,0.5,7.96,0.0,0.3,47.76,2.5
2.0,"2019-08-15 22:52:12.000000","2019-08-15 23:17:32.000000",1.0,12.56,1.0,N,234.0,220.0,1.0,36.0,0.5,0.5,6.0,2.8,0.3,48.6,2.5
2.0,"2019-08-16 00:34:04.000000","2019-08-16 01:06:58.000000",5.0,8.11,1.0,N,234.0,36.0,2.0,28.5,0.5,0.5,0.0,0.0,0.3,32.3,2.5
2.0,"2019-08-16 09:53:55.000000","2019-08-16 10:22:03.000000",6.0,12.65,1.0,N,234.0,138.0,1.0,36.0,0.0,0.5,4.0,6.12,0.3,49.42,2.5
1.0,"2019-08-16 12:43:48.000000","2019-08-16 13:14:35.000000",1.0,12.1,1.0,N,234.0,138.0,1.0,36.0,2.5,0.5,9.05,6.12,0.3,54.47,2.5
1.0,"2019-08-16 13:16:56.000000","2019-08-16 13:53:55.000000",1.0,11.1,1.0,N,234.0,127.0,1.0,36.0,2.5,0.5,4.0,0.0,0.3,43.3,2.5
2.0,"2019-08-16 14:55:31.000000","2019-08-16 15:35:26.000000",2.0,9.96,1.0,N,234.0,138.0,1.0,36.0,0.0,0.5,9.08,6.12,0.3,54.5,2.5
2.0,"2019-08-16 17:24:30.000000","2019-08-16 18:06:10.000000",3.0,10.51,1.0,N,234.0,229.0,2.0,36.0,1.0,0.5,0.0,0.0,0.3,40.3,2.5
2.0,"2019-08-16 21:42:35.000000","2019-08-16 22:18:00.000000",1.0,11.36,1.0,N,234.0,60.0,1.0,36.0,0.5,0.5,7.96,0.0,0.3,47.76,2.5
1.0,"2019-08-16 23:27:49.000000","2019-08-16 23:59:49.000000",1.0,9.7,1.0,N,234.0,42.0,1.0,31.0,3.0,0.5,1.2,0.0,0.3,36.0,2.5
1.0,"2019-08-17 21:03:15.000000","2019-08-17 21:53:41.000000",3.0,9.8,1.0,N,234.0,36.0,1.0,38.0,3.0,0.5,2.0,0.0,0.3,43.8,2.5
2.0,"2019-08-17 21:41:58.000000","2019-08-17 22:26:30.000000",1.0,10.38,1.0,N,234.0,164.0,1.0,36.0,0.5,0.5,7.96,0.0,0.3,47.76,2.5
2.0,"2019-08-17 23:18:43.000000","2019-08-18 00:03:01.000000",1.0,7.67,1.0,N,234.0,36.0,2.0,31.0,0.5,0.5,0.0,0.0,0.3,34.8,2.5
2.0,"2019-08-18 01:10:31.000000","2019-08-18 01:44:29.000000",1.0,8.1,1.0,N,234.0,36.0,1.0,29.0,0.5,0.5,6.56,0.0,0.3,39.36,2.5
2.0,"2019-08-18 02:08:09.000000","2019-08-18 02:33:37.000000",6.0,6.52,1.0,N,234.0,36.0,1.0,23.0,0.5,0.5,5.36,0.0,0.3,32.16,2.5
2.0,"2019-08-18 06:58:17.000000","2019-08-18 07:21:46.000000",3.0,12.6,1.0,N,234.0,138.0,1.0,36.0,0.0,0.5,5.0,6.12,0.3,50.42,2.5
2.0,"2019-08-18 09:40:01.000000","2019-08-18 10:05:54.000000",1.0,6.69,1.0,N,234.0,36.0,2.0,24.0,0.0,0.5,0.0,0.0,0.3,27.3,2.5
2.0,"2019-08-18 12:58:08.000000","2019-08-18 13:25:42.000000",3.0,12.3,1.0,N,234.0,138.0,1.0,36.0,0.0,0.5,13.63,6.12,0.3,59.05,2.5
1.0,"2019-08-18 14:27:19.000000","2019-08-18 15:02:53.000000",1.0,10.2,1.0,N,234.0,138.0,1.0,36.0,2.5,0.5,11.35,6.12,0.3,56.77,2.5
2.0,"2019-08-18 14:12:01.000000","2019-08-18 14:37:17.000000",1.0,12.8,1.0,N,234.0,138.0,2.0,36.0,0.0,0.5,0.0,6.12,0.3,45.42,2.5
1.0,"2019-08-18 22:03:09.000000","2019-08-18 22:36:30.000000",1.0,12.0,1.0,N,234.0,250.0,1.0,36.0,3.0,0.5,7.95,0.0,0.3,47.75,2.5
1.0,"2019-08-19 13:12:18.000000","2019-08-19 13:50:27.000000",1.0,9.7,1.0,N,234.0,244.0,1.0,36.0,2.5,0.5,7.85,0.0,0.3,47.15,2.5
2.0,"2019-08-19 13:29:39.000000","2019-08-19 14:14:55.000000",2.0,9.29,1.0,N,234.0,195.0,1.0,36.0,0.0,0.5,7.86,0.0,0.3,47.16,2.5
1.0,"2019-08-19 17:26:44.000000","2019-08-19 18:09:09.000000",2.0,10.3,1.0,N,234.0,138.0,1.0,36.0,3.5,0.5,9.25,6.12,0.3,55.67,2.5
2.0,"2019-08-19 23:16:51.000000","2019-08-19 23:43:20.000000",1.0,6.38,1.0,N,234.0,36.0,1.0,23.0,0.5,0.5,5.0,0.0,0.3,31.8,2.5
2.0,"2019-08-20 03:16:17.000000","2019-08-20 03:43:54.000000",4.0,11.75,1.0,N,234.0,126.0,2.0,36.0,0.5,0.5,0.0,0.0,0.3,39.8,2.5
2.0,"2019-08-20 07:24:30.000000","2019-08-20 07:57:47.000000",1.0,11.18,1.0,N,234.0,89.0,2.0,36.0,0.0,0.5,0.0,0.0,0.3,39.3,2.5
1.0,"2019-08-20 12:20:05.000000","2019-08-20 12:57:30.000000",1.0,10.5,1.0,N,234.0,138.0,1.0,36.0,2.5,0.5,9.05,6.12,0.3,54.47,2.5
2.0,"2019-08-20 13:57:29.000000","2019-08-20 14:37:23.000000",1.0,9.97,1.0,N,234.0,138.0,1.0,36.0,0.0,0.5,9.08,6.12,0.3,54.5,2.5
1.0,"2019-08-20 21:11:51.000000","2019-08-20 21:56:11.000000",2.0,9.8,1.0,N,234.0,244.0,1.0,36.0,3.0,0.5,0.0,0.0,0.3,39.8,2.5
1.0,"2019-08-20 23:40:28.000000","2019-08-21 00:06:00.000000",1.0,6.6,1.0,N,234.0,36.0,1.0,23.0,3.0,0.5,5.35,0.0,0.3,32.15,2.5
2.0,"2019-08-21 00:56:18.000000","2019-08-21 01:17:16.000000",1.0,6.48,1.0,N,234.0,36.0,1.0,21.5,0.5,0.5,4.0,0.0,0.3,29.3,2.5
2.0,"2019-08-21 14:55:11.000000","2019-08-21 15:26:57.000000",2.0,11.54,1.0,N,234.0,138.0,1.0,36.0,0.0,0.5,9.08,6.12,0.3,54.5,2.5
1.0,"2019-08-21 14:42:06.000000","2019-08-21 15:09:23.000000",1.0,6.8,1.0,N,234.0,36.0,1.0,24.0,2.5,0.5,6.65,6.12,0.3,40.07,2.5
1.0,"2019-08-21 19:10:10.000000","2019-08-21 19:38:23.000000",1.0,6.6,1.0,N,234.0,41.0,1.0,24.5,3.5,0.5,7.2,0.0,0.3,36.0,2.5
2.0,"2019-08-21 23:51:29.000000","2019-08-22 00:16:20.000000",1.0,7.72,1.0,N,234.0,54.0,1.0,25.0,0.5,0.5,7.2,0.0,0.3,36.0,2.5
1.0,"2019-08-22 13:17:00.000000","2019-08-22 13:58:56.000000",1.0,9.3,1.0,N,234.0,138.0,1.0,36.0,2.5,0.5,9.08,6.12,0.3,54.5,2.5
1.0,"2019-08-22 17:39:16.000000","2019-08-22 18:23:45.000000",2.0,10.1,1.0,N,234.0,138.0,1.0,36.0,3.5,0.5,9.25,6.12,0.3,55.67,2.5
1.0,"2019-08-22 18:10:05.000000","2019-08-22 18:48:19.000000",1.0,7.2,1.0,N,234.0,36.0,1.0,28.5,1.0,0.5,0.0,6.12,0.3,36.42,0.0
1.0,"2019-08-22 23:24:18.000000","2019-08-23 00:03:19.000000",2.0,5.5,1.0,N,234.0,36.0,1.0,27.0,3.0,0.5,6.16,0.0,0.3,36.96,2.5
2.0,"2019-08-22 23:55:39.000000","2019-08-23 00:17:04.000000",1.0,7.09,1.0,N,234.0,36.0,1.0,22.5,0.5,0.5,6.48,6.12,0.3,38.9,2.5
2.0,"2019-08-23 00:54:27.000000","2019-08-23 01:21:31.000000",2.0,6.79,1.0,N,234.0,36.0,1.0,24.0,0.5,0.5,5.56,0.0,0.3,33.36,2.5
2.0,"2019-08-23 15:14:43.000000","2019-08-23 15:57:03.000000",3.0,12.15,1.0,N,234.0,138.0,1.0,36.0,0.0,0.5,11.36,6.12,0.3,56.78,2.5
1.0,"2019-08-23 15:35:36.000000","2019-08-23 16:14:31.000000",1.0,4.7,1.0,N,234.0,239.0,1.0,25.5,2.5,0.5,7.2,0.0,0.3,36.0,2.5
1.0,"2019-08-23 15:35:00.000000","2019-08-23 16:14:39.000000",2.0,5.5,1.0,N,234.0,36.0,1.0,27.5,1.0,0.5,0.0,0.0,0.3,29.3,0.0
1.0,"2019-08-23 15:55:37.000000","2019-08-23 16:34:53.000000",1.0,10.3,1.0,N,234.0,138.0,1.0,36.0,3.5,0.5,9.25,6.12,0.3,55.67,2.5
1.0,"2019-08-23 16:40:07.000000","2019-08-23 17:23:42.000000",1.0,7.1,1.0,N,234.0,36.0,1.0,31.0,1.0,0.5,0.0,6.12,0.3,38.92,0.0
2.0,"2019-08-23 21:54:14.000000","2019-08-23 22:24:24.000000",1.0,11.66,1.0,N,234.0,127.0,1.0,36.0,0.5,0.5,7.96,0.0,0.3,47.76,2.5
2.0,"2019-08-23 21:06:17.000000","2019-08-23 21:44:50.000000",5.0,9.77,1.0,N,234.0,244.0,2.0,36.0,0.5,0.5,0.0,0.0,0.3,39.8,2.5
2.0,"2019-08-24 01:14:33.000000","2019-08-24 01:39:22.000000",2.0,6.39,1.0,N,234.0,36.0,1.0,22.5,0.5,0.5,5.26,0.0,0.3,31.56,2.5
1.0,"2019-08-24 02:44:10.000000","2019-08-24 03:15:32.000000",1.0,7.0,1.0,N,234.0,36.0,1.0,27.0,3.0,0.5,6.15,0.0,0.3,36.95,2.5
2.0,"2019-08-24 04:14:06.000000","2019-08-24 04:39:07.000000",1.0,8.32,1.0,N,234.0,36.0,1.0,26.0,0.5,0.5,8.98,6.12,0.3,44.9,2.5
2.0,"2019-08-24 08:47:34.000000","2019-08-24 09:15:07.000000",1.0,12.1,1.0,N,234.0,138.0,1.0,36.0,0.0,0.5,9.08,6.12,0.3,54.5,2.5
2.0,"2019-08-24 13:26:17.000000","2019-08-24 13:54:31.000000",1.0,5.43,1.0,N,234.0,36.0,1.0,22.0,0.0,0.5,5.06,0.0,0.3,30.36,2.5
1.0,"2019-08-24 13:40:02.000000","2019-08-24 14:22:20.000000",2.0,10.7,1.0,N,234.0,235.0,2.0,36.0,2.5,0.5,0.0,0.0,0.3,39.3,2.5
2.0,"2019-08-24 16:46:59.000000","2019-08-24 17:24:37.000000",1.0,6.99,1.0,N,234.0,107.0,1.0,28.0,0.0,0.5,4.7,0.0,0.3,36.0,2.5
2.0,"2019-08-24 23:47:05.000000","2019-08-25 00:22:37.000000",1.0,5.68,1.0,N,234.0,79.0,1.0,25.0,0.5,0.5,7.2,0.0,0.3,36.0,2.5
1.0,"2019-08-24 23:16:13.000000","2019-08-24 23:59:23.000000",1.0,7.4,1.0,N,234.0,36.0,1.0,30.5,3.0,0.5,7.0,0.0,0.3,41.3,2.5
2.0,"2019-08-25 00:04:20.000000","2019-08-25 00:28:10.000000",1.0,7.67,1.0,N,234.0,195.0,1.0,25.0,0.5,0.5,7.2,0.0,0.3,36.0,2.5
2.0,"2019-08-25 02:41:24.000000","2019-08-25 03:05:49.000000",1.0,6.67,1.0,N,234.0,36.0,2.0,23.0,0.5,0.5,0.0,0.0,0.3,26.8,2.5
2.0,"2019-08-25 03:49:29.000000","2019-08-25 04:17:40.000000",1.0,7.2,1.0,N,234.0,223.0,1.0,25.0,0.5,0.5,7.2,0.0,0.3,36.0,2.5
1.0,"2019-08-25 04:17:01.000000","2019-08-25 05:02:43.000000",1.0,10.1,1.0,N,234.0,63.0,2.0,36.0,3.0,0.5,0.0,0.0,0.3,39.8,2.5
1.0,"2019-08-25 10:35:19.000000","2019-08-25 11:05:18.000000",1.0,7.7,1.0,N,234.0,36.0,2.0,27.5,2.5,0.5,0.0,0.0,0.3,30.8,2.5
1.0,"2019-08-25 18:21:32.000000","2019-08-25 18:51:49.000000",1.0,7.5,1.0,N,234.0,41.0,1.0,28.0,2.5,0.5,4.7,0.0,0.3,36.0,2.5
2.0,"2019-08-25 19:44:18.000000","2019-08-25 20:30:25.000000",1.0,9.96,1.0,N,234.0,95.0,1.0,36.0,0.0,0.5,7.86,0.0,0.3,49.11,2.5
2.0,"2019-08-25 20:04:00.000000","2019-08-25 20:42:21.000000",4.0,10.48,1.0,N,234.0,119.0,2.0,36.0,0.5,0.5,0.0,0.0,0.3,39.8,2.5
1.0,"2019-08-26 01:20:39.000000","2019-08-26 01:51:41.000000",2.0,7.0,1.0,N,234.0,36.0,1.0,26.0,3.0,0.5,7.45,0.0,0.3,37.25,2.5
1.0,"2019-08-26 02:55:52.000000","2019-08-26 03:24:46.000000",1.0,6.9,1.0,N,234.0,36.0,2.0,25.0,3.0,0.5,0.0,0.0,0.3,28.8,2.5
1.0,"2019-08-26 13:36:48.000000","2019-08-26 14:05:05.000000",1.0,12.5,1.0,N,234.0,138.0,2.0,36.0,2.5,0.5,0.0,6.12,0.3,45.42,2.5
1.0,"2019-08-26 13:23:32.000000","2019-08-26 13:54:51.000000",1.0,11.6,1.0,N,234.0,93.0,1.0,36.0,2.5,0.5,13.6,6.12,0.3,59.02,2.5
2.0,"2019-08-26 14:35:08.000000","2019-08-26 15:09:59.000000",5.0,11.47,1.0,N,234.0,138.0,1.0,36.0,0.0,0.5,9.08,6.12,0.3,54.5,2.5
1.0,"2019-08-26 19:14:42.000000","2019-08-26 19:59:12.000000",1.0,7.0,1.0,N,234.0,36.0,2.0,30.0,3.5,0.5,0.0,0.0,0.3,34.3,2.5
2.0,"2019-08-26 22:59:25.000000","2019-08-26 23:21:10.000000",1.0,7.78,1.0,N,234.0,36.0,1.0,24.0,0.5,0.5,6.78,6.12,0.3,40.7,2.5
2.0,"2019-08-26 22:23:03.000000","2019-08-26 22:54:17.000000",1.0,7.05,1.0,N,234.0,36.0,1.0,26.0,0.5,0.5,7.45,0.0,0.3,37.25,2.5
2.0,"2019-08-26 23:04:01.000000","2019-08-26 23:28:52.000000",1.0,7.75,1.0,N,234.0,33.0,1.0,25.0,0.5,0.5,7.2,0.0,0.3,36.0,2.5
2.0,"2019-08-27 20:53:37.000000","2019-08-27 21:26:33.000000",1.0,11.87,1.0,N,234.0,182.0,1.0,36.0,0.5,0.5,7.96,0.0,0.3,47.76,2.5
1.0,"2019-08-27 22:08:23.000000","2019-08-27 22:39:08.000000",1.0,7.7,1.0,N,234.0,166.0,1.0,27.5,3.0,0.5,4.7,0.0,0.3,36.0,2.5
1.0,"2019-08-28 10:43:38.000000","2019-08-28 11:30:34.000000",1.0,8.7,1.0,N,234.0,181.0,1.0,36.0,2.5,0.5,7.85,0.0,0.3,47.15,2.5
1.0,"2019-08-28 15:19:30.000000","2019-08-28 16:00:15.000000",1.0,11.6,1.0,N,234.0,138.0,1.0,36.0,2.5,0.5,11.35,6.12,0.3,56.77,2.5
1.0,"2019-08-28 18:08:11.000000","2019-08-28 18:55:32.000000",1.0,8.0,1.0,N,234.0,36.0,1.0,34.0,1.0,0.5,0.0,0.0,0.3,35.8,0.0
1.0,"2019-08-28 20:51:43.000000","2019-08-28 21:17:14.000000",1.0,5.6,1.0,N,234.0,36.0,2.0,21.0,3.0,0.5,0.0,0.0,0.3,24.8,2.5
2.0,"2019-08-28 21:06:18.000000","2019-08-28 21:35:02.000000",4.0,12.19,1.0,N,234.0,220.0,1.0,36.0,0.5,0.5,10.65,2.8,0.3,53.25,2.5
2.0,"2019-08-28 22:17:28.000000","2019-08-28 23:07:02.000000",1.0,8.57,1.0,N,234.0,42.0,1.0,36.0,0.5,0.5,0.01,0.0,0.3,39.81,2.5
2.0,"2019-08-29 02:10:24.000000","2019-08-29 02:46:19.000000",6.0,9.74,1.0,N,234.0,243.0,2.0,36.0,0.5,0.5,0.0,0.0,0.3,39.8,2.5
2.0,"2019-08-29 16:14:22.000000","2019-08-29 17:07:54.000000",6.0,9.5,1.0,N,234.0,244.0,1.0,36.0,1.0,0.5,7.25,0.0,0.3,47.55,2.5
2.0,"2019-08-29 18:43:08.000000","2019-08-29 19:22:02.000000",5.0,6.34,1.0,N,234.0,36.0,2.0,28.0,1.0,0.5,0.0,0.0,0.3,32.3,2.5
2.0,"2019-08-29 23:22:18.000000","2019-08-29 23:55:03.000000",1.0,6.73,1.0,N,234.0,36.0,2.0,25.5,0.5,0.5,0.0,0.0,0.3,29.3,2.5
1.0,"2019-08-30 04:10:10.000000","2019-08-30 04:38:28.000000",2.0,12.5,1.0,N,234.0,20.0,4.0,36.0,3.0,0.5,0.0,0.0,0.3,39.8,2.5
1.0,"2019-08-30 13:13:07.000000","2019-08-30 13:48:36.000000",1.0,11.0,1.0,N,234.0,127.0,1.0,36.0,2.5,0.5,3.0,0.0,0.3,42.3,2.5
2.0,"2019-08-30 17:42:44.000000","2019-08-30 18:28:53.000000",1.0,11.18,1.0,N,234.0,212.0,1.0,36.0,1.0,0.5,0.0,6.12,0.3,46.42,2.5
1.0,"2019-08-30 18:45:41.000000","2019-08-30 19:16:27.000000",1.0,5.9,1.0,N,234.0,36.0,1.0,24.0,3.5,0.5,5.65,0.0,0.3,33.95,2.5
2.0,"2019-08-30 18:39:57.000000","2019-08-30 19:10:14.000000",2.0,5.17,1.0,N,234.0,36.0,1.0,22.5,1.0,0.5,5.36,0.0,0.3,32.16,2.5
1.0,"2019-08-30 19:18:13.000000","2019-08-30 19:49:34.000000",1.0,7.6,1.0,N,234.0,36.0,1.0,26.5,3.5,0.5,7.35,6.12,0.3,44.27,2.5
1.0,"2019-08-30 19:42:30.000000","2019-08-30 20:26:10.000000",1.0,5.6,1.0,N,234.0,36.0,3.0,29.5,3.5,0.5,0.0,0.0,0.3,33.8,2.5
2.0,"2019-08-30 19:20:48.000000","2019-08-30 20:04:17.000000",1.0,6.4,1.0,N,234.0,36.0,2.0,29.5,1.0,0.5,0.0,0.0,0.3,33.8,2.5
2.0,"2019-08-30 19:39:53.000000","2019-08-30 20:17:45.000000",1.0,5.98,1.0,N,234.0,36.0,2.0,27.0,1.0,0.5,0.0,0.0,0.3,31.3,2.5
2.0,"2019-08-30 19:09:58.000000","2019-08-30 19:45:07.000000",1.0,5.09,1.0,N,234.0,36.0,2.0,25.0,1.0,0.5,0.0,0.0,0.3,29.3,2.5
2.0,"2019-08-30 20:17:11.000000","2019-08-30 20:52:56.000000",1.0,5.41,1.0,N,234.0,36.0,1.0,24.5,0.5,0.5,5.66,0.0,0.3,33.96,2.5
1.0,"2019-08-30 20:35:22.000000","2019-08-30 21:04:15.000000",0.0,5.2,1.0,N,234.0,36.0,2.0,22.0,3.0,0.5,0.0,0.0,0.3,25.8,2.5
1.0,"2019-08-30 20:04:57.000000","2019-08-30 20:40:48.000000",1.0,5.4,1.0,N,234.0,36.0,1.0,25.0,3.0,0.5,2.0,0.0,0.3,30.8,2.5
1.0,"2019-08-30 23:04:53.000000","2019-08-30 23:37:08.000000",1.0,12.1,1.0,N,234.0,26.0,2.0,36.0,3.0,0.5,0.0,6.12,0.3,45.92,2.5
2.0,"2019-08-31 00:15:58.000000","2019-08-31 00:45:26.000000",5.0,6.02,1.0,N,234.0,36.0,1.0,23.5,0.5,0.5,5.46,0.0,0.3,32.76,2.5
2.0,"2019-08-31 00:42:44.000000","2019-08-31 01:11:18.000000",1.0,6.28,1.0,N,234.0,36.0,2.0,23.0,0.5,0.5,0.0,0.0,0.3,26.8,2.5
2.0,"2019-08-31 00:50:32.000000","2019-08-31 01:30:46.000000",1.0,7.57,1.0,N,234.0,36.0,1.0,29.5,0.5,0.5,8.32,0.0,0.3,41.62,2.5
2.0,"2019-08-31 06:06:20.000000","2019-08-31 06:36:13.000000",2.0,7.78,1.0,N,234.0,36.0,2.0,27.5,0.0,0.5,0.0,0.0,0.3,30.8,2.5
2.0,"2019-08-31 10:44:44.000000","2019-08-31 11:15:38.000000",2.0,12.38,1.0,N,234.0,138.0,1.0,36.0,0.0,0.5,11.79,0.0,0.3,51.09,2.5
2.0,"2019-08-31 13:37:42.000000","2019-08-31 14:06:32.000000",1.0,6.91,1.0,N,234.0,36.0,1.0,25.0,0.0,0.5,8.49,0.0,0.3,36.79,2.5
2.0,"2019-08-31 15:59:01.000000","2019-08-31 16:32:09.000000",2.0,11.03,1.0,N,234.0,127.0,1.0,36.0,0.0,0.5,7.86,0.0,0.3,47.16,2.5
2.0,"2019-08-31 20:04:09.000000","2019-08-31 20:31:01.000000",6.0,6.72,1.0,N,234.0,36.0,1.0,23.0,0.5,0.5,4.0,0.0,0.3,30.8,2.5
