234.24 1
330.65 2
45.32 1
117.45 1
24.96 2
117.47 1
45.35 1
117.48 1
45.36 2
45.37 2
182.3 1
182.8 2
235.8 1
90.62 5
183.14 1
90.64 1
90.65 6
183.16 1
90.66 3
148.42 2
90.68 3
100.84 1
55.92 2
52.0 1
100.85 2
148.44 1
52.1 1
55.94 1
100.86 1
52.2 2
55.95 1
100.88 1
121.27 1
52.3 13
76.36 1
121.29 3
76.39 4
52.7 3
52.8 16
193.73 1
131.82 1
179.42 1
86.91 2
86.92 8
152.25 1
86.95 2
152.27 1
80.15 9
80.16 33
86.98 1
80.18 1
45.41 1
45.42 1
117.54 3
213.96 1
117.55 2
234.36 2
130.0 4
130.1 1
162.83 1
90.72 1
130.3 10
90.74 3
90.75 3
162.88 1
90.76 1
100.91 2
130.7 2
100.92 8
130.8 12
76.41 1
121.33 2
100.94 1
90.79 5
148.54 2
76.42 2
100.95 2
148.55 1
121.35 1
100.97 5
121.36 1
148.56 2
76.44 2
100.98 3
100.99 2
148.59 1
121.39 1
76.49 1
107.03 1
107.04 2
107.05 1
107.06 2
91.0 18
91.1 5
91.2 11
91.3 82
91.4 4
91.5 3
91.6 7
91.7 3
91.8 90
91.9 2
152.31 1
131.92 3
179.54 1
131.95 1
80.24 1
179.57 1
80.25 1
152.38 1
117.62 1
80.27 2
138.02 1
117.64 1
138.04 4
117.65 3
138.05 2
45.54 3
117.67 2
316.54 1
109.0 1
109.1 10
109.2 2
109.3 30
109.4 2
109.5 8
109.6 4
109.7 9
109.8 24
109.9 1
183.31 1
162.92 2
183.35 1
90.84 3
162.96 8
183.36 1
121.42 4
90.89 1
121.44 1
76.53 1
76.54 13
76.55 4
148.67 1
76.56 51
107.15 23
35.04 5
107.16 59
35.05 1
222.5 1
402.42 1
193.92 2
18.3 2
152.42 1
80.31 1
18.8 4
152.45 2
80.34 1
80.35 2
80.36 1
152.49 1
117.72 2
80.38 1
80.39 1
117.76 2
45.64 1
66.04 10
66.05 1
117.79 3
148.1 1
183.42 1
90.92 1
148.3 6
90.95 31
90.96 71
90.97 1
148.7 1
148.8 4
76.62 2
97.01 1
121.54 2
121.55 8
76.64 1
121.56 16
265.57 1
97.04 9
76.66 4
107.22 2
76.68 1
97.08 2
107.25 12
107.27 1
35.15 3
35.16 3
107.29 1
80.41 1
80.42 3
80.43 2
179.76 1
80.45 4
111.02 1
117.84 1
117.85 3
111.04 2
111.05 2
117.86 1
111.06 1
117.87 2
117.88 9
66.16 6
183.54 3
121.62 6
142.02 1
97.11 1
97.12 1
142.04 3
169.25 1
97.13 2
97.14 3
76.75 1
97.15 1
142.08 1
97.17 1
76.78 2
97.19 1
107.34 1
187.7 1
35.24 1
224.16 1
224.17 1
35.29 1
57.2 1
57.3 14
173.04 6
57.6 1
80.54 14
173.05 1
57.8 20
495.52 1
117.92 2
111.12 2
80.59 1
117.95 16
138.35 1
117.96 40
66.24 2
138.36 14
117.99 1
111.19 1
66.28 1
66.29 2
316.85 1
121.71 1
183.69 1
121.72 1
169.31 1
148.92 6
76.82 1
121.75 2
76.85 4
70.04 9
97.24 3
97.25 19
107.41 1
97.26 2
70.07 1
97.27 1
107.42 4
76.89 1
107.45 2
107.46 2
224.27 1
203.89 1
135.0 1
135.2 1
135.3 5
135.5 4
279.5 1
135.7 1
135.8 9
179.92 2
80.61 1
80.62 1
80.63 1
80.64 1
152.76 6
173.16 2
80.66 4
80.67 2
152.79 1
80.68 1
138.42 3
45.92 1
111.24 2
96.0 22
111.25 2
96.1 11
45.95 2
96.2 5
66.35 1
45.96 5
96.3 66
66.36 12
96.4 4
96.5 11
96.6 9
96.7 5
96.8 79
96.9 2
183.72 1
76.91 1
169.42 4
97.31 1
142.23 1
76.92 5
121.84 1
97.32 6
121.85 2
97.33 1
142.25 6
76.95 2
76.96 1
97.35 3
121.88 1
203.92 1
70.16 2
97.36 3
107.51 2
142.29 1
70.17 1
107.52 5
70.18 2
97.38 1
35.42 1
97.39 2
107.54 3
107.55 3
107.59 1
152.81 1
174.0 1
174.1 2
173.25 1
174.5 1
80.75 23
152.88 1
80.76 33
378.92 1
174.7 1
111.32 1
173.29 1
255.33 1
138.54 2
66.42 15
111.35 24
138.56 1
111.36 42
111.38 2
66.47 2
44.0 1
44.1 1
44.3 8
44.7 1
44.8 11
121.91 1
121.92 8
142.32 1
121.94 6
97.42 2
169.54 3
70.23 1
97.43 1
169.55 1
142.35 1
121.97 1
169.56 3
97.44 1
70.25 1
97.46 1
121.99 3
142.39 1
107.62 1
97.49 1
107.64 7
35.54 1
107.66 1
152.92 4
80.81 1
80.82 1
80.84 2
290.16 1
111.42 2
111.45 2
138.65 2
138.66 1
111.46 1
66.54 13
111.47 1
111.48 1
122.0 1
66.58 1
122.1 1
122.2 4
122.3 7
122.4 2
122.6 2
122.8 13
122.9 2
183.92 1
183.96 4
83.0 3
83.1 3
83.2 6
142.42 3
142.43 2
70.31 1
83.3 121
97.52 6
83.4 3
83.5 17
128.04 3
97.54 8
83.6 3
97.55 35
83.7 7
97.56 64
83.8 118
83.9 5
97.58 1
107.73 1
70.38 1
70.39 3
107.75 20
107.76 49
35.65 1
306.65 1
80.91 2
80.92 4
173.45 1
159.04 6
80.95 5
66.61 1
111.54 5
66.62 3
495.96 1
66.64 1
66.65 3
66.66 6
310.44 1
214.2 1
358.3 1
214.8 1
97.61 1
214.9 1
128.12 1
70.42 3
142.54 3
70.43 1
56.03 1
142.56 6
128.15 4
70.45 2
128.16 14
56.04 9
107.81 2
97.66 3
107.82 1
128.18 1
97.67 2
107.83 1
97.68 4
35.72 1
224.64 1
107.85 5
107.86 1
107.87 3
107.88 11
35.76 3
31.0 1
31.3 9
31.4 1
31.5 1
31.8 5
87.04 11
87.05 3
111.62 11
138.82 1
87.06 3
111.64 1
66.72 2
87.08 1
111.65 4
111.67 3
66.79 1
161.0 1
161.3 1
161.7 1
161.8 3
161.9 1
128.22 1
97.71 4
169.85 4
101.04 5
101.05 1
70.54 13
142.67 1
70.55 1
97.75 3
101.07 1
128.27 1
107.91 1
142.68 1
70.56 27
56.15 2
56.16 4
107.92 4
128.29 1
97.78 1
107.94 1
107.96 1
70.0 6
70.3 53
70.4 1
70.5 2
70.6 1
132.01 1
70.7 1
87.11 1
70.8 97
87.12 1
70.9 1
132.04 1
87.15 1
138.92 12
87.16 4
111.72 1
87.17 1
214.12 1
66.82 1
111.75 2
87.19 3
138.96 13
60.04 6
66.85 1
60.05 2
111.78 1
111.79 2
66.88 1
179.3 3
163.04 3
179.8 1
163.05 1
253.1 1
101.11 1
253.3 1
169.92 3
101.12 2
56.21 3
142.74 1
56.22 1
128.34 1
101.14 5
101.15 29
253.8 1
56.24 2
97.85 7
91.04 6
101.16 71
97.86 4
70.66 5
91.05 2
97.87 3
70.67 1
70.68 2
101.19 1
97.88 9
97.89 9
91.08 2
56.29 1
300.04 1
49.2 9
49.3 6
49.7 1
49.8 12
49.9 1
201.3 2
194.04 2
194.06 1
173.76 1
159.35 1
159.36 1
87.25 11
159.38 2
25.31 1
111.84 4
66.92 5
331.04 1
60.12 1
111.86 1
358.25 1
111.87 1
66.95 22
66.96 12
25.39 1
128.42 1
91.11 2
286.84 1
97.92 5
91.12 1
142.85 1
128.44 1
70.73 2
128.45 1
127.0 1
101.25 3
70.75 1
97.95 3
91.14 1
101.26 3
127.1 4
91.15 1
101.27 3
127.2 2
91.16 1
101.28 4
127.3 7
97.98 1
127.4 1
97.99 1
127.5 1
127.6 1
127.7 2
127.8 5
88.0 6
88.1 3
88.2 8
88.3 100
88.4 2
88.5 21
88.6 1
88.7 12
159.42 2
87.31 2
88.8 95
132.24 1
88.9 11
132.25 5
87.35 24
159.47 1
87.36 43
111.92 6
111.94 1
87.39 1
111.95 13
111.96 54
163.25 3
101.31 3
142.92 3
101.32 1
128.52 1
70.82 1
56.42 2
101.34 6
70.84 1
56.44 1
70.85 3
91.24 2
70.86 3
56.45 4
91.25 9
101.38 1
91.26 1
91.27 1
219.3 1
194.27 1
240.8 1
87.42 3
132.34 1
132.35 3
132.36 15
87.45 4
87.46 2
60.31 1
118.02 1
60.32 1
36.0 2
87.49 2
118.04 7
25.54 2
25.55 1
36.3 9
454.92 1
60.36 6
60.38 2
36.8 2
245.42 1
101.42 4
70.91 2
163.39 1
91.31 2
70.92 11
149.04 1
91.33 1
101.45 6
70.95 1
101.46 1
56.54 5
91.35 4
91.36 4
91.38 1
166.1 2
91.39 5
166.3 1
166.7 2
166.8 2
194.35 1
114.0 6
132.42 6
114.1 9
87.51 3
87.52 1
114.3 21
114.4 1
159.65 1
114.5 1
87.54 11
114.6 1
132.47 3
159.67 2
87.55 9
87.56 1
114.7 5
114.8 14
114.9 1
60.42 1
87.59 1
118.15 1
25.65 1
46.04 4
60.49 1
75.0 10
75.1 4
75.2 1
75.3 100
75.5 3
75.8 107
75.9 1
163.42 2
163.44 1
101.51 1
101.52 4
101.53 1
77.01 1
56.62 1
101.54 6
56.63 1
128.75 6
149.14 1
101.55 1
128.76 11
77.03 1
149.16 1
91.45 1
77.04 13
77.05 1
300.42 1
101.59 1
77.06 1
77.08 1
204.05 1
132.54 1
159.75 1
132.55 1
87.64 1
87.65 4
87.66 4
118.21 1
118.22 1
46.11 1
235.03 1
235.04 2
25.74 1
118.25 1
60.54 10
214.67 1
46.15 1
118.27 1
206.3 4
206.9 1
163.52 1
163.54 1
163.56 1
163.58 1
149.21 1
101.62 17
128.82 2
23.3 7
101.64 3
77.12 1
128.85 1
122.04 5
91.54 9
101.66 2
23.7 2
91.55 24
56.75 2
149.27 1
91.56 51
77.15 3
23.8 11
128.88 2
56.76 5
149.28 2
77.16 21
101.69 1
77.18 1
204.13 1
194.54 1
194.55 1
153.04 6
87.74 3
87.75 2
132.67 1
214.71 1
153.2 1
153.3 9
87.78 5
118.32 1
153.4 1
87.79 2
153.6 2
25.84 1
60.64 2
118.35 1
46.24 1
153.8 2
60.65 5
60.66 1
46.25 2
118.38 1
118.39 1
101.72 1
128.92 4
56.81 1
122.12 2
91.61 1
101.74 1
91.62 8
77.22 1
101.75 22
122.14 1
91.63 4
101.76 62
122.15 4
122.16 21
50.04 9
91.65 2
122.17 1
77.25 2
91.66 3
101.79 4
122.19 1
77.27 1
77.28 1
56.89 1
15.35 1
194.61 1
159.92 1
132.72 2
87.81 1
153.12 1
87.82 1
159.96 8
87.84 2
87.85 5
81.04 43
81.05 53
81.06 2
87.87 4
118.42 3
87.88 8
81.08 1
87.89 1
118.44 1
214.85 1
118.45 1
46.35 1
46.37 1
60.79 1
192.3 1
192.4 1
101.0 25
101.1 4
101.2 4
101.3 58
245.3 2
101.4 4
192.8 1
192.9 1
101.5 8
101.6 5
101.7 4
101.8 51
245.8 1
101.9 5
101.81 1
101.82 2
56.91 1
149.42 6
91.71 4
56.92 2
122.24 1
101.85 4
149.44 1
383.04 1
101.86 1
122.25 3
91.74 2
50.14 1
62.2 1
101.88 2
122.27 1
50.15 3
77.35 1
62.3 7
50.16 6
91.77 5
56.98 1
77.37 1
91.79 1
62.7 10
77.39 2
62.8 27
15.44 1
62.9 1
194.75 1
87.91 1
87.92 5
270.05 1
87.95 20
132.88 1
87.96 58
81.15 1
87.97 3
81.16 13
87.98 1
81.18 1
118.54 1
81.19 4
118.55 11
118.56 23
119.1 3
119.3 20
119.4 2
119.5 1
140.0 1
140.1 1
119.6 1
163.84 1
119.7 3
163.85 1
119.8 10
140.3 13
119.9 4
101.91 2
122.31 1
101.92 8
91.81 1
140.8 10
50.21 2
91.82 1
140.9 1
101.94 2
149.54 4
77.42 4
101.95 2
149.55 1
91.84 2
337.8 1
91.85 2
122.37 1
91.86 3
77.45 2
50.26 1
122.38 1
91.88 1
122.39 1
204.42 1
91.89 1
108.02 1
108.04 5
15.54 1
108.05 3
108.06 4
108.09 1
10.3 1
10.5 4
10.8 44
194.87 1
276.92 1
132.92 5
153.32 1
132.93 1
81.22 1
132.95 6
132.96 17
153.36 1
270.16 1
81.25 1
81.26 1
132.99 3
60.93 1
139.04 3
118.66 1
46.54 8
60.95 16
46.55 1
118.67 2
60.96 10
46.56 4
118.68 1
118.69 2
163.92 1
91.91 1
122.42 4
91.92 4
77.54 29
122.46 1
149.67 1
77.55 1
77.56 1
50.37 1
108.11 1
108.12 1
91.99 3
204.54 1
108.13 1
108.15 1
36.04 2
108.16 1
36.06 1
108.18 1
232.7 1
108.19 3
194.92 2
28.3 3
153.42 5
28.8 9
81.35 38
81.36 46
81.38 1
81.39 1
46.65 1
67.04 13
46.66 1
338.04 1
184.42 2
158.2 1
158.3 4
149.72 1
158.8 4
122.53 1
158.9 2
122.54 3
50.42 1
98.02 1
122.55 3
149.75 3
122.56 1
77.64 2
50.44 3
149.76 3
50.45 1
98.04 8
98.05 1
77.66 5
98.06 1
77.67 3
122.59 2
36.11 1
98.09 1
225.04 1
348.65 1
108.24 5
369.04 1
108.25 5
15.75 1
36.14 1
108.29 4
307.13 1
81.41 2
153.54 1
81.42 7
81.44 1
81.45 6
153.58 1
112.01 1
81.48 1
112.02 1
112.03 1
139.24 1
112.04 2
112.05 1
112.07 1
112.08 3
67.16 1
184.54 1
184.55 1
122.62 2
143.04 6
98.13 1
50.54 5
143.06 1
77.75 13
122.68 1
98.15 23
561.92 1
77.76 13
197.3 1
149.89 2
98.16 61
106.0 21
98.18 1
108.33 1
106.1 1
98.19 2
204.75 1
106.2 7
225.14 1
106.3 42
108.35 14
106.4 4
108.36 50
106.5 5
36.26 1
108.38 1
106.6 9
106.7 4
106.8 40
106.9 6
153.62 1
67.3 32
67.4 2
174.04 3
297.65 1
81.53 2
67.6 1
153.66 1
81.54 9
81.55 2
67.7 2
81.56 2
118.91 1
67.8 55
118.92 5
112.11 3
81.57 1
112.12 2
352.54 1
112.14 1
118.95 1
112.15 1
46.85 2
40.04 7
363.8 1
118.98 1
67.25 7
118.99 1
112.19 4
15.0 1
516.74 1
15.3 2
15.7 1
15.8 18
184.67 1
149.92 2
122.75 6
98.23 3
122.76 14
50.64 1
98.24 1
143.16 2
71.04 6
77.87 1
98.26 1
77.88 3
108.42 3
98.27 2
98.28 1
77.89 3
71.09 1
98.29 1
108.44 3
108.45 5
108.46 2
15.96 1
108.47 1
108.48 1
36.36 4
145.0 1
145.2 1
145.3 3
145.7 8
145.8 11
81.62 2
81.64 5
81.65 2
81.66 8
174.17 2
153.79 1
139.42 11
46.92 1
112.24 1
112.25 21
40.14 1
67.34 1
112.26 4
67.36 1
139.49 3
67.38 1
67.39 1
122.81 1
122.82 1
143.22 1
77.92 4
98.31 2
71.12 1
122.85 4
50.74 1
287.25 1
77.95 1
50.75 2
98.34 3
122.87 2
50.76 1
71.15 1
98.35 4
122.88 5
77.97 1
71.16 8
108.52 1
108.53 1
98.38 1
204.95 1
36.42 1
98.39 1
108.54 1
108.57 1
81.73 2
81.75 2
81.76 1
184.7 1
112.31 1
112.32 2
81.79 1
237.5 1
139.54 4
67.42 8
112.35 1
139.55 6
40.24 1
139.56 9
40.25 1
112.39 1
54.1 1
54.3 7
54.6 8
54.8 7
54.9 1
122.92 6
50.81 1
98.41 1
98.42 2
122.95 1
98.44 3
260.16 1
71.24 1
98.45 13
122.98 2
98.46 3
50.87 1
225.42 1
98.47 1
143.39 1
98.49 1
108.65 6
36.54 1
108.66 4
36.57 1
153.92 5
81.81 1
81.83 1
153.96 5
174.35 3
81.84 1
81.85 1
153.97 1
174.36 5
153.98 1
139.62 1
81.88 2
112.42 5
112.44 2
67.54 83
112.47 1
40.35 1
67.55 2
139.68 1
67.56 6
132.0 2
276.0 1
40.38 2
132.3 8
132.5 3
132.8 6
132.9 1
184.92 1
93.0 5
93.1 5
143.42 1
93.2 6
98.51 1
93.3 101
98.52 4
93.4 2
129.04 2
71.33 1
93.5 15
143.46 1
98.54 9
93.6 8
50.95 1
93.7 4
321.92 1
98.56 1
93.8 105
93.9 1
108.72 3
129.09 1
98.59 3
108.74 1
225.54 1
108.75 2
57.03 1
36.65 1
57.04 3
57.05 1
81.92 4
81.94 1
81.95 17
174.47 1
81.96 55
112.53 2
81.99 3
112.54 1
67.62 3
139.75 2
112.55 13
256.56 1
112.56 37
67.65 1
88.04 11
67.66 2
88.05 2
67.67 1
67.69 2
88.08 1
26.12 1
215.04 1
88.09 1
171.5 2
171.6 1
224.3 2
171.8 2
224.8 1
129.12 3
71.42 5
98.62 1
143.54 3
129.15 1
71.44 2
98.64 3
98.65 3
71.46 2
98.66 1
108.81 1
108.82 1
129.18 1
71.47 1
98.67 6
108.84 4
57.12 1
102.04 4
102.05 4
57.16 4
102.08 3
41.1 2
102.09 1
41.3 1
41.8 5
112.62 4
67.71 1
88.11 1
112.65 1
277.04 1
133.04 4
40.54 3
112.66 3
88.13 1
88.14 3
112.67 1
112.68 1
40.56 2
139.88 1
88.16 1
26.24 1
215.16 1
26.29 1
129.22 3
164.04 1
71.54 12
71.55 1
98.75 32
98.76 74
102.11 1
263.3 3
108.92 4
98.78 1
36.81 1
102.12 10
71.59 1
36.82 1
98.79 1
263.5 1
108.94 11
246.14 1
108.95 31
108.96 59
102.15 2
102.16 1
263.8 2
102.17 1
57.25 3
102.18 1
102.19 2
301.04 2
80.0 16
80.1 4
80.2 3
80.3 113
80.4 1
80.5 2
174.62 1
80.6 1
80.7 1
80.8 126
195.04 2
80.9 6
174.65 2
195.05 2
112.71 2
139.92 5
61.01 1
112.74 1
61.02 1
112.75 2
61.03 2
67.84 2
67.85 7
61.04 6
88.25 6
88.26 1
40.69 1
189.3 1
189.6 1
164.12 1
98.82 1
143.75 1
129.35 3
143.76 2
98.85 3
129.36 25
164.16 3
92.04 10
129.37 1
71.66 5
92.05 1
98.87 1
98.88 1
92.07 1
98.89 1
92.08 2
102.24 3
57.32 1
36.94 2
102.25 20
30.14 1
36.95 3
57.35 4
36.96 2
57.36 3
59.0 2
307.92 1
57.38 1
59.3 14
59.4 1
59.7 1
59.8 13
59.9 1
211.7 1
195.19 1
112.84 2
61.12 1
88.32 3
112.85 7
112.86 3
88.34 1
67.95 1
112.87 3
133.26 1
112.88 4
40.76 1
67.96 1
61.16 4
338.92 1
88.36 4
133.29 1
88.38 1
67.99 2
88.39 2
129.42 3
98.91 2
71.71 1
71.72 1
98.92 2
143.84 1
143.85 1
98.94 3
137.0 1
71.74 1
137.1 1
92.14 1
71.75 2
98.95 1
143.88 1
71.76 3
98.96 1
92.15 30
129.47 1
164.27 1
102.31 1
129.48 3
92.16 52
137.3 5
137.4 1
92.18 3
137.5 3
57.41 1
57.42 2
92.19 1
102.35 33
102.36 63
137.8 5
30.26 1
102.38 1
98.0 4
98.1 12
98.2 7
98.3 86
98.4 4
98.5 20
98.6 1
98.7 2
98.8 82
174.84 1
195.24 1
98.9 9
256.92 1
112.92 7
133.32 1
40.81 1
490.54 1
112.95 1
303.6 1
88.42 2
112.96 2
40.84 2
88.44 1
303.8 1
61.24 4
61.25 1
88.45 12
133.38 1
61.26 1
215.42 1
61.29 1
215.45 1
26.54 1
143.91 1
129.51 1
143.92 5
164.32 2
143.94 1
129.54 1
92.25 19
92.26 1
164.39 1
92.27 2
102.42 1
30.31 1
57.51 1
30.32 1
102.44 11
102.46 1
57.54 8
30.35 2
102.47 4
30.36 2
102.48 5
57.58 4
176.0 1
57.59 1
176.3 1
176.4 1
229.1 1
229.2 1
176.9 1
250.3 3
174.92 3
174.95 1
195.35 2
195.36 1
133.42 1
119.04 3
88.54 10
46.3 15
88.55 22
88.56 79
46.5 5
88.57 1
61.38 1
215.54 3
46.8 11
71.91 1
164.42 1
71.92 9
92.31 6
129.65 1
164.45 1
92.34 8
129.67 1
92.35 2
92.38 1
92.39 1
102.54 6
102.55 2
57.64 1
102.56 1
16.04 1
57.65 2
57.67 1
124.0 1
124.1 1
124.2 1
124.3 15
124.4 1
124.5 1
124.6 2
124.7 3
124.8 10
119.12 6
88.61 1
61.42 2
133.54 3
277.54 1
133.55 6
277.55 1
133.56 3
119.15 6
88.65 2
119.16 30
47.04 6
88.66 3
61.46 1
215.62 1
88.68 1
215.65 1
318.05 1
26.76 1
85.0 7
85.1 3
85.2 7
85.3 112
85.4 4
85.5 2
85.6 4
85.7 9
85.8 119
85.9 2
129.72 1
92.42 3
78.02 1
129.75 4
92.44 2
92.45 5
78.04 17
78.05 11
102.62 1
92.47 1
102.63 1
102.64 1
57.73 2
102.65 5
16.13 1
102.66 5
102.67 2
102.68 1
88.71 3
133.64 1
61.53 1
133.65 1
61.54 6
61.55 3
47.15 1
119.27 1
61.56 9
47.16 7
119.28 2
61.58 1
88.79 7
47.19 1
20.04 1
26.88 1
216.8 2
129.82 1
33.3 2
92.51 1
123.04 2
129.86 1
92.54 11
123.05 1
78.14 1
267.06 1
92.56 1
33.8 6
102.71 2
246.72 1
129.89 1
92.57 1
78.16 10
102.72 7
92.59 5
78.19 4
102.75 4
526.3 1
51.04 1
57.85 1
51.05 4
195.64 1
154.04 1
298.04 1
195.65 1
163.1 1
119.31 1
163.3 5
88.81 1
250.54 3
119.33 1
163.5 5
133.75 1
82.02 1
82.03 1
163.7 1
88.84 1
163.8 3
47.24 3
88.85 6
82.04 12
82.05 3
163.9 1
61.66 2
47.25 2
82.06 1
133.79 1
88.88 3
82.07 1
88.89 1
82.09 2
20.12 1
111.0 16
111.1 3
111.2 2
111.3 26
111.4 1
111.5 4
111.6 10
111.7 1
308.3 1
185.04 1
111.8 27
111.9 1
129.92 4
123.11 1
92.62 1
129.95 5
164.75 1
129.96 23
92.64 4
78.23 1
78.24 1
78.25 2
102.82 2
102.83 1
102.84 3
57.92 1
92.69 8
51.12 1
102.85 7
205.24 1
72.0 4
102.87 4
57.95 2
57.96 7
102.88 19
72.3 47
51.16 1
72.5 6
72.7 3
72.8 68
72.9 1
154.12 1
88.91 1
119.42 5
82.11 1
88.92 4
277.85 1
133.85 1
119.44 2
119.46 1
133.87 1
88.95 3
119.47 1
82.16 8
119.49 1
88.99 4
82.19 1
164.82 1
78.31 1
164.84 1
92.73 2
123.24 1
240.05 1
78.34 1
92.75 22
92.76 60
78.35 26
203.3 2
347.3 1
246.92 1
78.36 41
102.92 3
102.94 1
51.22 1
78.39 3
102.95 33
102.96 80
203.8 1
51.24 9
203.9 1
16.46 1
445.84 1
20.3 5
195.84 1
20.8 1
154.26 1
359.92 1
133.92 2
119.51 1
119.52 1
61.82 1
82.22 1
47.42 2
119.54 2
61.84 3
61.85 3
82.24 2
47.45 2
82.25 5
61.87 1
61.88 3
82.27 1
61.89 2
82.28 3
82.29 7
129.1 2
129.3 8
129.4 1
150.0 4
129.8 11
150.3 3
129.9 1
150.5 2
185.27 1
164.92 1
150.8 7
123.32 2
78.42 6
123.35 7
78.43 2
123.36 18
92.85 6
78.45 3
123.38 1
78.46 5
92.87 3
92.88 11
78.47 1
92.89 1
78.48 1
109.02 3
109.04 5
109.05 6
30.95 2
109.06 2
30.96 3
30.97 1
109.07 4
51.36 7
51.37 1
109.08 2
16.59 1
154.32 2
195.96 7
61.92 2
119.64 2
82.32 1
61.94 5
47.54 3
119.66 1
82.36 1
82.37 2
82.38 2
82.39 4
92.91 2
123.42 5
78.51 2
92.92 7
123.44 1
92.94 1
123.45 4
123.46 1
92.95 2
78.54 13
78.55 2
123.49 1
109.11 3
109.12 16
78.59 1
205.54 1
37.04 2
109.16 1
109.18 2
37.07 1
242.8 2
404.44 1
308.04 1
38.3 5
38.4 1
38.5 4
154.42 1
38.8 12
250.92 1
119.73 1
82.41 1
82.42 3
119.75 19
82.44 1
119.76 14
68.04 9
82.45 2
82.46 1
47.69 2
185.42 1
168.3 3
168.5 2
123.51 1
168.8 3
123.54 1
99.01 1
267.54 1
123.55 1
78.64 4
99.04 6
78.65 2
99.05 5
78.66 2
78.67 1
99.06 1
109.24 1
99.09 2
109.25 2
51.54 2
51.55 1
109.26 1
109.27 1
205.69 1
109.28 1
116.0 7
37.18 2
116.3 31
116.4 2
116.5 1
116.6 5
116.7 1
116.8 15
334.7 1
154.52 1
154.54 3
154.55 1
154.56 2
77.0 1
77.1 1
113.01 1
77.3 64
113.02 1
77.4 1
47.72 1
257.04 1
119.85 1
113.04 4
119.86 1
113.05 2
82.54 12
47.75 1
119.87 1
68.14 1
77.7 2
82.55 16
77.8 95
47.76 4
82.56 41
82.57 1
77.9 2
68.16 6
82.59 1
20.64 1
185.54 4
123.63 1
267.65 1
123.65 2
99.12 20
144.04 7
123.66 1
144.05 1
78.74 1
78.75 1
78.76 1
99.15 2
123.69 1
99.16 1
78.77 1
109.32 1
78.79 2
226.13 1
99.19 8
109.35 1
51.64 2
109.36 1
51.65 2
37.24 2
37.25 1
51.66 1
205.79 1
109.38 1
37.27 1
109.39 1
271.42 1
208.1 1
208.4 1
175.04 4
175.05 1
154.67 1
119.91 1
208.8 1
119.92 2
82.62 1
119.95 1
68.22 1
119.96 1
236.76 1
113.15 23
68.23 1
113.16 35
41.04 4
68.24 2
82.66 6
119.99 2
47.87 1
113.18 1
82.68 2
68.28 1
68.29 1
20.76 1
25.3 3
25.5 3
25.8 4
78.81 1
144.12 2
78.82 1
72.02 1
78.84 1
78.85 2
72.04 30
99.24 8
78.86 1
72.05 7
99.25 5
322.62 1
123.79 1
51.71 1
78.88 3
109.42 6
78.89 1
72.08 1
16.92 12
72.09 1
109.44 3
99.29 1
16.93 2
51.74 1
37.38 1
155.3 4
155.8 4
155.9 4
271.56 1
113.21 1
82.71 3
113.22 1
47.92 1
68.31 1
82.75 1
41.15 1
113.27 1
82.77 1
41.16 2
68.36 3
113.28 4
41.19 1
68.39 1
185.76 1
123.81 1
78.92 1
123.86 1
99.33 2
144.26 1
78.95 32
78.96 62
72.15 1
99.35 30
72.16 5
99.36 65
123.89 2
78.98 1
37.42 2
109.54 2
72.19 3
99.39 3
109.55 22
109.56 55
109.59 3
154.82 1
194.3 2
292.04 1
175.25 1
103.0 2
103.1 5
247.1 1
103.2 4
175.28 1
113.31 1
236.92 2
103.3 48
236.93 1
113.32 1
103.4 4
194.9 1
103.5 23
41.22 1
82.83 1
68.42 5
103.6 2
82.84 1
113.35 1
103.7 6
82.85 3
103.8 60
41.24 9
103.9 4
82.87 1
113.38 1
82.88 2
20.92 1
82.89 2
20.99 1
64.0 2
64.3 20
64.6 1
64.7 3
64.8 20
123.92 3
72.21 1
99.41 1
123.95 2
99.42 4
99.43 1
123.96 18
144.35 2
144.36 7
72.25 1
99.45 3
144.37 1
99.46 1
99.47 3
51.92 2
99.48 1
10.31 1
99.49 1
109.64 1
109.65 1
109.66 2
51.95 1
37.54 4
12.3 2
109.67 1
51.96 6
37.55 1
109.68 2
37.56 4
109.69 1
12.8 14
271.72 1
154.92 3
113.42 4
82.92 4
113.44 1
113.45 6
82.94 5
41.34 1
113.46 2
82.95 2
68.54 10
82.96 1
82.97 1
41.36 1
68.56 1
113.49 5
82.99 1
142.1 1
68.59 1
435.96 1
142.3 1
27.04 2
142.7 2
142.8 8
185.95 1
144.42 4
99.51 2
72.31 1
99.52 1
99.53 1
99.54 7
99.55 2
72.35 4
109.71 2
72.36 19
72.37 1
99.58 1
72.38 2
109.74 1
109.75 16
226.56 2
58.04 3
58.05 6
109.78 1
58.08 2
308.64 1
329.04 1
175.42 2
113.51 1
113.52 1
41.41 1
113.54 2
113.55 1
89.02 1
89.03 1
89.04 11
68.66 3
89.05 3
113.59 1
89.08 1
27.12 1
89.09 1
216.05 1
181.5 1
234.3 1
181.7 2
181.8 1
240.92 1
99.61 1
144.54 1
72.42 2
99.62 1
72.44 1
99.64 3
99.65 2
99.66 3
99.67 1
109.82 1
103.01 1
343.42 1
72.48 2
37.71 1
109.83 3
109.84 1
99.69 2
103.04 2
109.85 2
109.86 1
103.05 3
37.75 1
226.67 1
103.06 1
109.88 1
103.07 2
103.08 2
103.09 2
51.3 7
51.5 1
51.8 14
51.9 11
175.54 2
175.55 1
175.56 1
113.62 1
113.64 3
134.04 4
89.12 18
113.65 1
41.54 8
89.14 2
134.07 1
89.15 15
68.77 2
89.16 53
68.78 1
312.54 1
68.79 1
261.42 2
72.51 4
99.71 2
99.72 2
72.53 1
144.65 1
165.04 5
72.54 22
165.05 2
99.75 15
165.07 1
144.68 1
103.11 1
144.69 1
99.77 1
273.3 1
109.92 8
99.78 1
72.58 1
109.93 1
103.12 1
99.79 1
109.94 2
103.15 1
58.24 3
58.25 1
226.78 1
103.18 1
90.0 23
90.1 5
90.2 6
90.3 108
90.4 8
90.5 4
90.6 2
90.7 5
90.8 117
90.9 3
196.04 1
134.12 3
41.62 2
113.75 16
134.15 2
113.76 40
134.16 9
62.04 9
89.24 1
89.25 5
113.79 2
89.27 2
41.69 1
68.89 1
62.09 3
27.36 1
199.3 1
108.0 3
199.5 1
108.1 3
108.2 2
108.3 34
108.4 1
108.5 24
108.6 5
108.7 4
108.8 30
99.81 1
108.9 5
99.82 4
144.75 3
72.64 3
99.84 4
144.77 1
72.65 6
99.85 3
93.04 6
72.66 3
93.05 9
72.67 1
99.88 4
99.89 1
226.85 1
220.04 1
103.24 1
247.25 1
103.25 6
58.34 1
103.26 2
58.35 1
103.27 8
58.36 1
103.29 2
37.99 1
69.2 1
69.3 32
69.5 1
69.7 7
69.8 43
69.9 2
175.72 1
17.0 1
196.17 1
113.81 1
113.82 1
68.91 1
17.3 3
89.31 3
68.92 3
113.85 3
134.25 1
41.74 1
41.75 1
89.34 1
113.87 1
41.76 1
134.27 1
89.35 1
113.88 4
62.15 2
62.16 3
113.89 1
134.29 1
89.38 4
89.39 1
27.42 2
339.96 1
282.02 1
99.92 6
282.04 1
93.14 1
99.95 19
93.15 3
72.76 2
99.96 97
147.3 3
93.16 5
103.31 1
103.32 6
10.81 15
99.99 1
147.5 3
72.79 1
58.42 1
93.19 1
103.35 2
147.8 3
58.45 1
103.38 2
103.39 1
31.28 2
134.31 3
113.92 3
113.94 1
113.95 1
89.42 10
41.84 1
134.35 1
89.43 2
62.24 5
89.44 6
62.25 2
89.45 5
89.47 3
27.54 1
216.47 1
144.92 4
144.95 6
93.23 1
165.35 1
144.96 4
165.36 1
72.85 1
93.24 6
93.25 1
72.87 1
220.22 1
103.42 3
72.88 5
31.31 1
103.43 1
93.28 3
103.44 7
58.53 1
220.25 1
103.45 5
103.46 1
58.54 8
58.55 6
103.48 1
58.56 11
186.3 1
239.3 2
239.9 1
175.92 1
196.35 1
89.51 1
89.52 1
56.0 2
134.45 2
56.1 1
89.54 9
41.96 1
251.27 1
56.3 17
89.55 1
56.4 1
41.99 1
89.59 3
56.8 17
27.64 1
56.9 1
352.3 1
48.04 7
48.07 1
165.42 1
72.92 4
93.32 1
72.93 1
72.95 33
93.34 3
72.96 10
93.35 31
93.36 56
103.53 1
93.38 3
31.42 1
93.39 1
58.63 2
103.55 24
103.56 65
79.04 9
79.05 1
58.66 2
79.07 26
134.3 11
134.6 1
134.8 3
134.9 1
134.54 1
89.64 1
89.65 1
62.45 3
89.66 3
27.72 1
95.0 13
48.17 2
95.1 5
95.2 4
95.3 71
95.4 5
95.5 4
95.6 9
95.7 5
95.8 100
95.9 6
300.0 1
261.92 1
300.8 1
93.41 1
93.42 2
93.43 1
93.45 6
58.71 1
103.65 1
124.04 1
79.12 28
103.66 1
58.74 1
124.05 1
31.54 1
31.55 1
103.67 1
103.68 2
103.69 2
79.16 6
58.79 1
196.54 1
196.56 2
89.71 1
89.73 1
155.04 6
237.05 1
89.74 1
62.54 14
62.55 1
89.75 33
89.76 58
173.3 4
89.78 1
333.54 1
89.79 1
173.8 5
48.25 3
173.9 2
48.28 1
43.0 3
93.51 3
43.3 9
165.64 1
165.65 1
43.5 3
268.04 1
93.54 5
93.55 3
103.71 1
93.56 1
43.8 12
103.72 1
103.73 3
124.12 2
93.59 1
103.74 5
58.84 1
79.24 1
58.85 1
52.04 3
79.25 6
58.86 1
79.26 1
103.79 1
79.28 2
196.69 2
89.81 1
251.54 1
134.75 8
134.76 12
155.15 1
155.16 1
83.04 11
89.86 1
62.66 1
83.05 1
27.91 1
89.88 1
27.92 1
83.09 1
48.35 1
48.36 5
27.98 1
121.0 4
121.1 3
121.2 2
121.3 6
265.3 1
121.6 3
121.7 3
121.8 14
265.8 1
93.62 1
93.64 1
93.65 6
103.81 1
93.66 3
103.82 1
103.84 2
58.92 5
103.85 9
124.24 2
82.0 6
124.25 1
79.33 1
82.1 1
103.86 3
79.34 1
82.2 10
124.27 1
79.35 2
82.3 87
79.36 1
124.28 1
103.89 2
82.4 7
82.5 1
31.78 1
52.18 1
82.6 2
79.39 2
82.7 6
82.8 96
82.9 2
89.91 4
89.92 3
155.24 1
134.87 1
62.75 4
83.14 3
89.95 3
62.76 3
83.15 14
216.92 2
83.16 43
89.98 3
48.41 1
83.18 1
89.99 1
62.79 2
48.44 1
48.45 2
282.62 1
93.72 3
93.75 7
103.91 1
93.76 1
247.92 1
103.92 4
93.78 1
103.93 1
124.32 2
186.29 1
213.5 1
93.79 3
79.41 1
103.95 1
79.42 4
31.84 1
103.96 1
31.85 1
79.44 1
213.8 4
52.24 6
124.37 1
52.25 5
79.45 3
103.99 1
52.27 1
17.54 1
30.3 1
30.8 10
190.04 2
134.92 4
62.82 1
134.94 1
62.83 1
134.95 1
62.85 2
83.24 1
62.86 1
155.37 1
83.25 4
62.87 2
155.38 1
62.88 1
21.31 2
83.28 1
48.54 5
21.36 1
48.58 1
139.1 3
139.3 6
160.0 4
160.3 1
139.8 3
139.9 2
165.92 3
160.7 1
93.81 1
160.8 8
93.83 3
165.96 4
186.36 1
93.85 3
93.86 1
206.42 1
93.88 2
124.42 7
220.84 1
206.45 1
79.53 2
79.54 10
52.35 1
79.55 17
79.56 31
31.97 1
79.57 1
79.58 1
52.39 1
305.3 1
196.92 1
155.42 2
299.39 1
83.31 3
62.92 3
83.33 1
83.37 1
83.38 2
210.34 1
210.36 1
48.64 5
48.65 1
48.68 1
186.42 1
93.92 3
178.3 2
93.94 1
93.95 24
93.96 83
220.92 1
178.7 2
93.98 1
178.8 1
79.61 1
93.99 1
79.62 2
124.54 7
38.02 1
124.55 8
124.56 17
38.04 2
79.66 4
79.67 2
79.68 1
323.44 1
38.09 1
17.75 1
48.3 9
48.5 1
48.8 8
48.9 1
200.3 5
488.3 1
190.25 1
200.8 1
272.32 1
200.9 3
155.54 2
83.42 4
83.44 1
69.04 10
83.45 7
69.05 4
69.09 1
48.74 1
79.71 2
124.63 1
206.66 1
52.54 8
124.67 1
52.55 4
79.75 20
38.15 2
52.56 8
38.16 5
126.0 8
126.2 1
126.3 10
126.6 2
126.8 8
87.0 5
87.1 5
87.2 7
114.01 1
87.3 105
83.52 2
87.4 2
69.12 2
87.5 4
114.04 4
114.05 1
87.6 7
83.54 17
83.55 1
87.7 5
114.06 2
87.8 113
87.9 3
69.16 2
48.81 1
114.09 1
48.82 2
210.54 2
83.59 2
48.83 1
69.19 1
145.02 1
145.04 7
186.67 1
124.71 1
79.82 1
124.75 4
79.84 2
79.85 2
79.86 1
79.87 1
79.88 2
52.69 1
218.0 1
218.1 1
176.04 1
114.12 21
155.74 2
155.76 2
83.64 1
69.24 3
42.04 2
114.16 1
114.17 1
69.25 1
83.66 3
114.19 1
48.92 1
69.28 1
210.65 1
69.29 1
354.65 1
21.74 1
48.95 2
48.96 3
48.98 1
35.3 8
35.8 6
73.04 11
145.17 1
79.92 2
124.85 1
200.04 3
79.95 2
79.99 1
165.1 1
165.3 3
165.8 7
69.31 1
83.72 2
114.24 1
113.0 2
114.25 1
113.1 1
83.75 13
69.34 3
114.27 1
83.76 48
69.35 7
83.77 1
114.28 1
69.36 5
113.3 41
113.4 2
21.82 1
83.79 1
69.38 3
113.5 11
69.39 1
257.6 1
113.6 4
113.7 3
113.8 35
113.9 8
74.0 3
74.1 1
74.3 56
74.4 1
74.5 1
74.6 2
145.22 1
74.8 50
74.9 2
73.14 1
186.89 1
124.92 2
73.16 4
124.93 1
52.81 1
73.18 1
200.14 1
38.42 2
73.19 2
52.85 1
38.45 1
52.88 1
155.91 1
176.27 1
114.31 1
299.89 1
258.32 1
83.82 1
69.42 1
114.35 16
83.85 1
258.36 1
114.36 46
114.38 1
83.88 2
83.89 1
180.04 2
145.33 1
186.96 1
145.36 1
262.16 1
73.24 1
73.25 3
145.38 1
73.26 1
38.51 1
52.92 2
241.85 1
22.1 1
22.2 2
38.54 4
22.3 4
22.8 9
114.42 4
83.91 2
83.92 3
114.44 1
83.93 1
114.45 2
114.46 1
83.95 2
69.54 12
42.35 2
114.48 1
42.36 3
152.3 4
28.04 1
152.6 1
152.8 2
152.9 2
73.32 1
73.36 1
241.92 1
73.37 2
73.39 3
38.64 1
59.04 8
176.45 1
114.51 2
272.92 1
114.53 1
114.54 3
114.55 1
114.56 1
69.65 2
69.66 8
42.47 1
217.07 1
28.15 1
635.96 1
191.3 5
100.0 44
100.1 8
100.2 5
100.3 77
191.8 1
100.4 8
191.9 2
100.5 7
100.6 2
100.7 3
100.8 79
100.9 2
145.54 3
73.42 3
145.56 4
73.45 1
59.12 1
104.04 6
59.13 2
104.05 2
38.75 2
59.15 1
38.76 2
59.16 9
61.2 1
59.19 1
61.3 17
61.6 1
61.7 1
61.8 10
190.92 1
176.58 1
231.42 2
114.62 1
114.65 1
135.04 4
135.05 1
42.54 5
114.66 2
135.06 1
69.75 4
69.76 1
69.79 2
512.44 1
180.36 1
118.0 7
118.1 5
118.2 1
118.3 18
118.4 3
166.04 2
118.5 3
73.54 13
145.67 2
73.55 2
118.7 2
73.56 10
200.52 1
73.57 1
283.3 1
118.8 20
118.9 1
104.12 18
104.14 1
104.15 28
59.24 4
104.16 66
38.87 1
32.07 1
59.27 1
104.19 1
79.0 4
79.1 34
79.2 5
79.3 74
79.4 2
79.6 3
79.7 11
79.8 83
79.9 4
197.06 1
114.72 2
42.62 1
114.75 8
114.76 1
114.77 1
63.04 8
63.05 1
69.87 1
114.79 2
502.8 1
28.33 2
180.47 1
94.04 15
73.66 4
94.05 1
145.79 1
73.67 1
94.06 1
94.07 4
104.22 1
32.11 1
94.08 1
38.92 1
94.09 1
104.25 2
104.26 1
104.27 1
32.15 1
32.16 1
59.36 1
104.28 3
447.14 1
59.39 1
309.96 1
231.0 1
375.3 1
231.3 1
428.9 1
176.75 1
197.14 1
176.76 2
27.3 4
114.84 1
69.92 1
231.65 1
69.94 1
69.95 2
27.8 3
114.88 1
69.96 38
63.16 2
180.54 1
73.71 1
94.11 1
166.24 1
94.12 13
94.13 1
145.86 1
166.25 4
73.75 1
157.1 1
262.67 1
73.76 1
145.89 1
104.31 2
157.3 2
94.16 2
11.81 1
104.32 1
73.79 2
59.41 1
461.54 1
59.42 1
104.35 1
157.7 1
200.76 2
157.8 4
59.44 5
59.45 1
32.27 1
104.39 5
420.04 1
170.04 2
114.92 3
42.83 1
114.95 18
114.96 38
135.35 11
135.36 6
135.37 1
135.38 3
217.42 1
63.29 1
180.65 1
180.66 1
73.82 1
94.21 1
94.22 2
73.84 1
73.85 3
94.24 1
94.25 8
145.99 1
94.26 2
73.88 1
94.27 1
104.42 5
104.44 1
94.29 1
104.45 4
248.45 1
104.46 2
200.87 1
59.54 9
196.1 1
18.04 1
105.0 7
105.1 4
105.2 8
196.7 1
105.3 49
105.4 2
105.5 3
105.6 2
105.7 7
105.8 59
105.9 4
176.92 4
279.42 1
135.42 2
63.31 3
66.0 2
66.1 1
42.95 3
42.96 5
63.35 4
66.3 32
63.36 3
66.5 1
66.6 2
66.8 33
49.03 1
49.04 3
28.66 1
14.3 8
14.5 1
14.8 5
73.92 8
94.32 1
73.94 1
94.35 2
200.92 1
94.36 2
104.52 1
73.99 2
94.38 2
104.54 1
94.39 2
104.56 1
59.65 1
104.57 1
59.66 1
104.59 2
144.0 1
197.42 1
144.1 1
144.3 2
144.5 2
170.27 1
231.92 1
144.8 4
63.42 4
135.54 4
231.96 2
63.45 1
135.59 1
217.63 1
49.11 2
238.04 1
217.65 1
49.12 2
49.14 1
49.18 1
94.42 7
166.56 4
94.45 3
94.46 1
104.62 2
125.02 1
104.64 7
104.65 1
125.04 4
59.74 1
59.75 4
104.67 1
104.69 2
125.09 1
197.51 1
170.39 1
63.51 1
156.05 1
63.54 9
63.55 1
135.67 1
135.68 1
183.3 1
183.5 2
236.3 1
22.04 2
183.8 4
49.24 11
180.92 1
180.95 2
180.96 1
166.62 4
94.51 2
53.3 12
53.5 1
94.54 2
53.6 1
94.55 30
94.56 82
53.8 21
125.11 1
32.61 1
125.12 2
59.81 1
94.59 1
104.75 38
104.76 62
125.15 6
59.85 1
125.16 16
53.04 9
125.18 1
207.22 1
125.19 3
32.69 1
18.35 1
170.45 1
84.02 1
63.64 1
63.65 2
84.04 17
63.66 1
84.05 4
499.01 1
63.68 3
217.85 1
84.09 2
49.34 1
28.98 1
131.0 7
131.1 2
131.3 9
131.4 1
131.6 1
636.06 1
131.8 3
131.9 3
94.62 1
283.54 1
94.63 1
94.64 3
94.65 3
94.66 4
104.82 2
94.68 1
104.83 1
59.92 1
242.04 1
104.85 2
92.0 12
104.86 1
59.94 1
92.1 8
53.14 1
104.87 1
32.75 1
92.2 6
53.15 2
104.88 6
32.76 2
92.3 82
53.16 2
104.89 1
125.28 3
92.4 5
92.5 1
59.99 1
92.6 4
92.7 6
92.8 72
207.36 1
92.9 2
18.48 1
170.52 1
170.54 1
135.81 1
273.04 1
84.12 7
84.13 1
84.16 4
84.19 3
49.42 1
49.49 1
170.0 3
94.71 4
166.84 1
94.73 1
170.3 3
94.74 3
94.75 7
104.91 8
125.31 1
248.92 1
104.92 10
32.81 1
170.8 4
104.94 1
125.33 1
223.5 1
53.22 1
104.95 1
223.7 1
104.96 1
125.35 3
53.24 8
104.98 1
125.37 2
125.38 3
18.54 1
207.47 1
19.1 1
19.3 8
40.0 1
40.3 8
19.8 3
40.4 1
40.5 1
40.7 1
40.8 7
170.64 1
40.9 1
191.04 3
197.87 1
191.07 1
135.92 1
135.95 2
84.23 1
279.96 1
135.96 14
84.24 2
156.36 2
84.25 1
238.42 1
156.39 2
84.28 2
49.54 2
49.55 2
49.56 6
149.1 3
149.3 2
149.4 1
149.6 1
149.8 2
149.9 4
166.92 2
94.83 1
94.85 1
94.86 3
94.87 1
94.88 1
269.42 1
125.42 3
32.92 1
32.94 2
125.45 1
53.36 3
125.49 1
32.99 1
262.1 1
18.65 1
197.92 2
156.42 3
63.92 3
84.34 1
63.95 2
84.35 22
63.96 23
84.36 42
334.92 1
63.98 1
84.38 2
84.39 4
49.68 1
94.91 3
187.42 4
94.92 9
94.93 3
188.3 2
160.25 3
188.4 1
94.95 2
94.96 1
125.51 1
188.8 2
125.52 2
160.29 2
94.99 1
188.9 1
125.54 3
125.55 1
53.44 1
125.56 1
53.45 1
207.62 1
207.64 1
58.1 2
58.3 36
58.5 1
210.0 3
170.82 1
58.7 1
58.8 31
170.87 1
210.8 1
156.54 1
252.95 1
84.42 7
84.45 2
211.42 1
84.48 1
84.49 1
187.54 1
187.56 1
total_amount 1
160.38 1
53.51 1
125.64 1
228.04 2
39.12 1
39.13 1
53.54 2
136.0 2
136.1 2
136.3 3
136.6 2
136.7 3
136.8 6
136.9 1
170.92 2
97.0 6
97.1 7
115.01 1
97.2 7
156.62 2
97.3 73
115.02 1
84.51 3
156.64 1
97.4 4
84.53 1
259.04 1
97.5 8
115.04 9
115.05 2
97.6 2
84.54 19
97.7 6
115.06 1
84.55 3
97.8 69
115.07 1
115.08 2
97.9 3
84.59 1
49.84 1
49.85 1
22.67 1
43.08 1
187.62 1
160.42 2
160.45 1
146.04 2
187.67 1
160.47 1
125.75 9
125.76 17
53.65 1
39.24 5
74.04 10
53.66 1
18.92 5
201.04 1
201.06 1
175.0 1
175.1 1
175.3 1
175.7 1
175.8 3
177.04 3
177.05 1
228.8 1
115.12 1
84.62 1
115.16 1
156.77 1
84.65 4
84.66 9
115.18 1
49.91 1
43.11 1
49.92 1
84.69 1
22.73 1
49.93 1
49.95 1
45.0 2
45.3 11
45.5 1
45.8 10
160.54 1
160.56 6
146.16 1
160.58 1
74.12 1
125.85 1
53.75 3
74.15 1
53.76 6
39.36 2
74.16 6
39.38 1
53.79 3
207.96 1
191.54 1
115.22 1
84.72 1
115.23 1
156.85 1
115.24 1
150.04 5
123.0 1
115.25 2
84.75 11
84.76 1
123.2 2
115.28 1
150.08 1
123.3 16
123.4 2
84.79 2
123.5 7
123.6 3
123.7 1
123.8 10
43.24 6
43.25 1
22.87 1
43.28 1
84.0 6
84.1 6
84.2 2
84.3 104
84.4 6
84.5 6
84.6 7
84.7 8
84.8 102
187.85 1
181.04 1
84.9 3
160.67 1
181.07 1
125.91 1
125.92 2
53.82 1
125.95 4
74.24 1
74.25 1
74.27 1
53.89 1
74.29 2
743.3 1
115.31 1
156.92 4
115.32 1
84.81 1
115.34 2
156.95 5
84.84 1
115.35 3
156.96 4
84.85 2
115.37 3
150.17 1
115.38 5
84.87 6
115.39 1
84.89 1
43.31 1
215.3 3
215.6 1
215.8 2
187.92 1
187.99 1
53.91 1
53.92 1
39.52 1
380.04 1
74.33 1
39.54 4
32.3 6
32.5 3
53.98 1
53.99 1
32.8 4
32.9 2
177.35 1
177.36 1
115.41 1
115.42 6
84.92 2
390.65 1
115.44 7
84.95 33
84.96 41
211.92 1
162.3 2
29.04 2
162.4 1
162.8 7
146.42 1
160.84 1
160.85 2
146.45 1
160.86 1
181.25 1
181.26 1
74.41 1
74.42 1
228.54 2
307.8 1
74.44 1
39.64 1
74.45 3
39.67 2
201.42 1
74.49 1
12.54 2
12.55 1
71.0 2
71.1 1
71.2 1
71.3 36
71.4 2
71.8 51
71.9 1
177.42 3
150.31 1
115.54 3
150.34 1
150.35 1
115.55 10
150.36 1
115.56 29
150.37 2
150.38 3
218.04 1
43.54 5
43.55 2
43.56 4
29.19 1
110.0 10
110.1 4
110.2 2
110.3 27
110.4 2
160.91 1
110.6 5
160.92 5
110.7 2
110.8 37
110.9 4
146.54 5
160.99 1
105.01 1
39.71 1
105.03 1
105.04 14
105.05 4
74.54 12
74.55 1
105.06 3
39.75 1
39.76 3
105.07 1
201.52 1
74.58 1
39.79 1
201.54 1
202.3 1
202.5 1
202.7 4
346.7 1
202.8 1
191.92 7
115.62 1
150.42 5
115.64 1
136.04 1
136.05 1
150.48 1
115.68 4
43.61 1
218.13 1
218.18 1
146.62 1
128.3 8
146.64 1
167.04 1
128.5 2
128.8 7
105.11 1
128.9 2
105.12 2
105.13 3
74.62 1
263.54 1
345.54 1
74.64 1
33.04 1
105.16 3
105.17 1
74.66 4
33.06 1
105.18 1
105.19 1
89.0 4
89.1 10
89.2 6
89.3 91
89.4 5
89.5 5
89.6 6
89.7 13
89.8 95
89.9 10
150.54 3
115.75 2
136.15 1
64.04 12
43.73 2
43.76 1
43.79 2
95.02 1
146.75 1
146.76 3
95.04 10
146.77 1
146.78 1
95.06 2
95.07 1
95.08 1
74.73 1
222.04 1
105.24 4
33.12 1
222.05 1
39.95 3
74.75 5
39.96 3
74.76 4
105.28 1
12.81 5
37.2 1
37.3 8
115.85 1
150.65 1
64.12 2
136.24 1
136.25 1
136.26 1
37.8 5
37.9 1
64.16 2
64.17 2
43.84 1
43.88 1
146.82 1
95.11 1
95.12 1
140.04 5
167.25 2
140.07 1
95.15 18
228.92 1
95.16 77
105.31 1
167.3 7
74.81 1
74.83 1
95.19 1
105.35 26
74.85 1
167.8 3
105.36 66
167.9 3
105.37 5
222.18 1
105.38 13
74.89 2
12.95 1
115.0 4
115.1 3
115.2 3
115.3 27
115.4 2
115.5 2
115.6 1
115.7 2
115.8 42
198.25 1
171.05 2
115.9 4
115.92 11
115.94 1
115.95 5
115.96 1
64.24 1
64.25 2
115.99 2
29.52 2
76.0 13
43.94 1
76.1 4
76.2 1
29.54 2
76.3 74
76.4 2
76.6 3
76.7 1
76.8 66
76.9 1
146.92 1
146.94 1
140.14 2
95.22 6
140.15 1
95.23 1
140.16 7
95.25 2
105.42 1
74.92 2
95.28 1
95.29 4
105.45 2
105.46 1
201.92 1
105.48 4
33.36 2
105.49 1
201.96 2
177.96 1
198.36 3
136.42 6
136.44 1
64.34 1
232.92 1
29.61 1
207.5 1
218.54 1
24.3 8
24.5 1
95.31 2
181.84 1
24.8 6
167.45 1
95.34 6
140.27 2
95.35 2
263.92 1
105.51 3
95.37 2
95.38 9
105.54 2
105.55 1
33.44 5
222.36 2
105.57 1
19.11 1
208.04 1
154.1 2
154.3 2
150.92 1
154.8 2
298.8 1
154.9 1
64.42 1
150.95 3
136.54 4
150.96 2
136.55 4
136.56 17
239.02 1
335.44 1
239.04 1
140.31 1
181.92 2
320.8 1
167.54 1
95.42 4
140.36 2
95.45 4
95.46 2
140.38 1
95.48 3
105.64 3
105.65 9
105.66 5
126.05 1
105.68 3
105.69 3
294.92 1
198.54 1
171.36 1
136.62 3
64.52 2
136.64 1
64.54 8
136.67 3
64.55 1
193.1 1
64.56 17
193.3 2
157.08 1
136.69 1
102.0 13
102.1 4
102.2 11
218.76 1
102.3 43
102.4 2
23.04 6
193.8 2
23.05 1
102.5 5
102.6 4
102.7 3
102.8 58
102.9 5
63.0 1
63.1 1
140.42 5
63.3 68
95.52 5
63.4 1
63.5 1
140.45 1
188.04 2
95.54 12
95.55 3
95.56 2
63.8 52
188.08 1
105.72 7
126.12 1
95.59 5
105.75 3
105.76 1
33.65 1
105.77 1
126.16 1
54.04 6
105.78 1
54.05 2
105.79 1
126.19 1
208.25 1
11.3 1
11.5 1
407.16 1
11.8 1
171.42 3
171.44 1
85.03 2
85.04 13
136.78 1
64.66 3
85.05 1
85.06 1
64.68 1
64.69 1
23.11 3
23.12 1
85.09 1
23.16 1
141.0 2
141.3 9
285.5 1
141.6 4
141.8 2
140.54 2
95.64 4
95.66 3
140.59 2
105.82 2
95.68 2
105.84 6
54.12 2
105.85 2
243.04 1
105.86 1
54.15 2
105.88 3
54.16 1
54.17 1
208.39 1
171.54 1
64.71 1
130.02 2
130.03 1
274.04 1
136.85 1
157.25 2
85.14 1
64.75 4
130.07 1
64.76 1
136.89 2
218.92 4
85.16 3
85.18 1
180.0 2
161.04 2
140.65 1
95.74 1
180.5 1
95.75 29
95.76 61
233.3 1
105.92 2
180.8 3
180.9 1
105.95 35
126.35 7
105.96 59
126.36 24
54.26 1
105.99 1
29.0 1
29.3 5
29.4 2
29.5 2
50.0 5
50.3 24
29.8 4
50.7 1
50.8 34
50.9 1
171.65 2
130.11 1
136.92 5
85.21 1
157.34 1
85.22 1
64.84 2
85.24 1
64.85 4
130.16 1
85.25 3
85.27 1
85.28 1
85.29 1
212.27 1
417.92 1
212.29 1
159.5 1
159.8 3
167.92 1
95.81 2
95.82 1
140.75 3
140.76 6
188.36 1
161.16 2
95.85 1
140.79 1
95.88 2
126.42 1
360.04 1
126.45 2
360.05 2
126.46 1
54.34 2
33.96 1
54.35 4
33.97 1
54.36 4
126.48 1
126.49 2
208.54 2
54.39 3
198.92 2
198.96 1
157.42 2
85.31 1
64.92 3
130.25 1
85.33 1
85.35 4
212.31 1
130.28 1
85.36 9
85.37 2
85.38 3
64.99 2
85.39 3
161.22 1
95.92 5
95.94 8
107.0 5
95.95 8
107.1 6
198.5 1
107.2 14
107.3 43
107.4 3
54.41 1
95.99 1
107.5 1
54.42 1
107.6 5
126.54 1
54.43 2
222.96 2
107.7 6
387.36 1
107.8 28
107.9 8
54.46 1
222.99 1
208.67 1
19.78 1
68.0 1
68.1 12
68.3 44
68.6 1
68.7 1
68.8 31
220.8 1
220.9 1
130.33 1
157.54 2
85.42 2
130.35 3
157.56 4
85.44 1
85.45 3
130.37 1
130.38 3
130.39 1
116.04 5
23.54 1
116.05 4
16.3 10
116.09 1
411.35 1
16.8 7
161.35 1
126.62 6
126.64 1
126.65 1
147.04 1
54.54 7
146.0 1
146.3 5
146.5 1
13.05 1
146.8 2
171.92 5
192.35 2
192.36 1
192.38 1
130.42 2
130.44 1
178.04 3
85.54 10
157.67 1
85.55 14
85.56 46
85.58 4
212.54 2
116.15 9
116.16 31
44.04 4
44.05 2
161.42 3
161.44 1
161.45 1
161.46 1
126.72 2
54.64 2
54.65 1
75.04 10
75.05 4
54.66 1
54.67 1
54.68 1
75.07 1
19.92 1
185.3 3
238.1 1
185.8 1
185.9 1
192.47 1
130.55 3
130.56 11
85.66 4
85.67 2
85.69 1
233.04 2
116.25 1
233.05 1
44.14 2
23.75 1
116.27 1
44.15 4
55.0 2
116.28 1
55.1 2
116.29 1
55.2 1
55.3 13
55.6 1
55.7 1
55.8 41
55.9 1
161.54 3
188.76 3
147.21 1
120.02 1
147.22 1
126.84 1
387.65 1
120.05 1
126.88 1
147.27 1
75.16 3
147.29 2
192.54 1
130.62 1
85.71 4
157.84 1
151.04 2
130.65 2
157.85 1
178.25 1
85.74 1
85.75 1
277.1 1
133.1 1
85.76 1
157.88 1
133.2 1
116.31 4
133.3 18
133.5 3
133.6 2
116.35 1
133.7 5
23.85 1
277.8 1
133.8 16
116.37 1
116.38 2
94.0 4
94.1 8
94.2 5
94.3 79
94.4 4
94.5 8
94.6 9
94.7 7
94.8 84
161.64 1
182.04 2
94.9 3
188.87 1
126.92 5
360.54 1
126.95 5
120.15 1
54.84 1
147.35 1
126.96 25
75.24 1
120.16 2
147.36 2
75.25 2
120.18 1
243.79 1
120.19 1
229.42 2
54.89 1
192.65 1
130.71 1
157.92 2
85.81 1
130.75 1
157.95 1
151.15 1
85.85 3
85.86 2
116.42 1
151.19 1
85.88 3
23.92 1
85.89 1
44.33 1
116.45 2
23.98 1
172.2 1
172.3 1
225.3 1
172.7 2
161.71 1
188.92 1
147.42 1
54.92 1
120.25 2
75.33 1
54.95 2
54.96 5
75.35 13
42.3 3
54.97 1
75.36 11
42.5 1
147.49 1
54.99 1
75.38 4
42.8 10
192.72 1
130.82 1
85.92 5
274.84 1
130.87 1
85.95 6
151.27 1
85.96 1
212.92 1
116.52 1
178.49 1
85.99 5
116.57 1
116.59 1
315.42 1
120.0 11
120.2 1
120.3 12
120.5 3
120.6 4
120.7 3
120.8 21
120.9 2
75.41 1
120.34 1
147.54 5
75.42 1
75.43 1
147.55 1
120.35 11
243.96 1
120.36 21
75.44 1
120.37 2
120.38 3
202.42 1
75.47 1
81.0 16
81.1 3
81.2 1
81.3 100
81.4 5
81.6 7
81.7 4
81.8 82
81.9 6
130.92 2
178.54 1
178.55 1
130.97 1
178.56 4
130.99 1
116.62 15
377.42 1
116.64 1
219.04 2
116.66 1
44.54 3
219.05 1
411.96 1
161.92 2
120.42 5
106.02 1
120.45 1
106.04 2
75.54 12
106.06 1
120.47 1
147.68 1
106.07 2
120.48 1
106.08 3
106.09 1
202.54 1
34.04 7
356.8 1
212.9 1
192.92 2
192.95 1
192.96 5
151.42 5
137.02 2
137.04 2
137.05 1
178.69 1
116.74 7
116.75 10
116.76 33
65.04 15
65.05 1
315.65 1
138.0 3
182.42 1
138.1 3
138.3 2
182.45 2
168.05 1
138.5 5
138.6 1
182.47 1
120.52 1
106.11 3
138.8 4
120.53 1
120.54 1
106.14 1
96.02 1
75.64 1
381.36 1
106.15 2
106.16 1
75.65 6
96.04 19
75.66 2
96.05 5
96.06 1
147.79 1
75.67 1
75.68 1
96.07 1
96.09 1
305.04 1
99.0 4
99.1 9
99.2 5
34.19 1
99.3 61
99.4 2
99.5 4
99.6 8
99.7 13
99.8 65
99.9 2
199.01 1
304.1 1
137.12 1
151.54 3
151.56 6
137.16 7
116.82 1
44.73 1
110.04 5
44.74 1
116.87 1
110.06 2
65.15 2
116.88 2
110.08 1
65.16 11
182.54 2
120.62 1
75.72 1
147.84 1
96.11 1
120.64 2
120.65 2
106.24 2
96.12 7
141.04 3
106.25 2
75.74 1
147.87 1
96.14 1
75.75 3
147.88 1
75.76 1
177.3 1
96.16 6
141.09 1
75.79 2
96.19 2
177.8 2
251.3 1
199.14 1
47.2 1
178.83 1
47.3 6
254.04 1
172.04 2
47.8 8
47.9 2
116.92 13
116.93 2
110.15 23
65.23 1
110.16 49
343.8 1
65.24 5
219.36 1
110.17 1
65.27 1
44.88 1
106.31 1
147.92 2
106.32 1
75.81 1
120.74 1
75.82 1
147.94 3
120.75 1
96.22 1
147.95 1
106.34 4
106.35 2
147.96 8
106.36 1
120.77 1
96.24 4
106.37 1
96.25 2
120.79 1
75.88 1
75.89 1
96.29 2
34.36 1
125.0 3
125.1 1
125.3 12
125.4 4
125.7 1
125.8 22
125.9 2
269.9 1
290.8 1
110.21 1
377.82 1
44.92 2
65.32 1
110.24 5
86.0 18
86.1 5
86.2 5
110.27 2
86.3 105
65.36 1
110.28 1
86.4 1
86.5 7
65.38 1
86.6 8
86.7 8
315.96 1
86.8 105
86.9 2
168.34 1
182.76 1
168.36 1
182.77 1
182.78 1
120.81 1
120.82 1
75.91 1
141.22 1
106.42 6
168.39 1
75.92 14
120.84 1
106.44 5
75.94 1
223.26 1
75.95 11
96.34 1
75.96 77
96.35 26
223.28 1
106.48 2
75.97 1
96.36 69
96.37 4
202.94 1
96.39 2
137.41 1
137.42 4
172.24 1
172.25 2
217.1 1
137.46 1
233.92 1
110.31 1
65.42 3
110.34 2
217.7 1
110.35 2
65.44 2
65.45 2
110.37 5
65.46 2
110.38 14
34.3 8
34.5 1
168.42 1
34.8 4
168.46 1
182.88 1
120.92 3
96.41 1
141.34 1
96.42 4
120.95 14
106.54 5
96.43 1
120.96 23
106.55 30
141.35 3
106.56 57
141.36 6
96.45 5
106.59 1
96.48 3
96.49 4
209.04 1
34.54 1
199.42 1
164.3 3
151.92 11
164.8 2
164.9 5
137.54 6
110.42 3
65.51 1
219.64 1
65.52 1
219.65 3
65.54 11
110.47 1
112.1 3
112.2 8
112.3 21
112.4 1
112.5 2
112.6 1
112.7 3
112.8 26
112.9 1
182.92 1
73.0 2
168.58 1
73.1 2
106.62 18
141.42 4
73.3 78
73.4 1
96.52 1
141.44 1
73.5 25
106.65 1
106.66 1
73.6 1
96.54 12
127.05 2
73.7 2
96.55 5
106.67 4
73.8 83
106.68 2
96.59 4
199.54 1
172.42 1
137.63 1
137.64 1
158.04 2
110.52 6
110.53 1
336.54 1
110.54 3
219.75 1
110.56 2
24.04 1
65.66 4
65.68 1
24.08 1
204.1 1
168.64 1
189.04 1
168.65 2
106.71 3
106.72 3
127.12 1
223.54 1
106.74 3
141.54 5
96.62 15
106.75 5
127.14 2
106.76 1
96.64 1
55.04 4
96.65 4
96.66 2
55.05 1
34.75 1
21.3 3
21.8 2
137.75 1
137.76 6
172.56 4
158.15 1
158.16 4
86.04 6
110.61 1
158.17 1
86.05 2
213.02 1
110.64 2
86.09 1
213.04 1
24.12 1
65.75 1
65.76 2
151.0 3
151.1 2
151.6 2
151.7 2
295.8 1
151.8 1
168.72 1
141.62 2
106.82 1
168.79 2
223.62 1
106.84 3
96.72 2
106.85 1
55.12 2
100.04 6
100.05 5
106.86 4
127.25 8
96.75 2
106.88 2
100.07 2
96.77 1
55.16 1
100.08 3
96.78 1
100.09 1
96.79 2
34.83 1
34.85 1
209.39 1
172.64 2
131.04 3
275.04 2
86.13 3
172.67 1
137.87 1
137.88 1
86.15 25
213.11 1
86.16 42
131.09 1
86.18 1
86.19 3
110.75 13
24.23 1
110.76 57
65.89 1
162.04 1
190.3 1
162.05 2
190.5 1
127.31 1
190.7 1
106.92 13
100.11 6
96.81 1
190.8 4
100.12 1
100.13 1
243.5 1
96.83 1
106.95 2
96.84 5
100.15 2
127.36 1
55.24 6
96.85 1
100.16 5
100.17 1
55.25 3
106.99 5
100.18 2
96.88 1
209.42 1
39.2 2
39.3 8
39.5 1
60.0 14
60.3 22
39.8 4
60.5 1
60.7 1
193.02 1
60.8 64
60.9 1
193.04 1
137.92 4
86.23 1
131.15 4
275.16 1
131.16 14
86.25 4
86.27 1
65.92 35
110.85 2
65.94 1
110.86 1
110.87 1
65.95 1
110.88 4
110.89 1
169.1 2
169.3 1
169.7 4
169.8 1
169.9 1
168.92 7
90.01 1
168.95 1
168.96 3
90.04 11
189.36 1
90.05 9
96.91 2
127.42 4
96.92 5
127.44 2
90.09 4
100.24 1
244.25 1
223.86 1
96.94 3
100.25 4
117.0 3
127.46 1
96.95 32
100.26 1
117.1 1
117.2 4
96.96 76
117.3 13
55.37 1
55.38 3
117.6 2
117.8 17
117.9 1
479.3 1
282.8 2
199.92 4
78.0 1
78.2 3
78.3 72
78.4 2
172.81 1
78.5 11
78.6 1
193.18 1
78.7 1
158.42 3
86.31 5
78.8 88
158.44 1
78.9 1
392.04 1
86.35 2
110.91 4
172.88 1
110.92 2
110.93 1
86.38 3
110.95 2
24.42 2
110.97 1
213.36 1
189.41 1
162.22 1
189.42 2
162.25 1
100.31 1
90.16 7
141.92 7
100.32 1
141.95 3
90.19 5
55.42 2
55.43 1
127.55 3
100.35 5
141.96 5
100.36 1
127.56 10
100.37 4
55.46 4
100.38 18
244.39 1
100.39 6
230.3 1
172.92 1
158.54 1
86.42 7
86.44 9
158.57 1
86.45 20
86.46 2
117.04 4
117.05 2
117.06 2
26.3 2
26.8 5
90.22 1
162.35 1
162.36 8
90.25 2
90.26 1
90.27 1
100.42 6
244.42 1
148.02 1
100.43 2
100.44 3
55.52 1
100.45 3
148.04 5
127.66 1
55.54 3
55.55 3
55.56 5
100.49 3
148.09 1
156.0 2
156.3 3
156.5 1
156.6 1
156.8 1
131.42 3
158.62 1
131.44 2
86.52 2
86.54 8
86.55 4
86.57 1
117.12 1
86.58 1
117.13 1
86.59 4
322.3 1
117.15 1
45.04 4
117.19 1
162.42 4
90.31 1
90.33 1
162.47 1
90.35 35
90.36 67
148.11 1
100.53 1
90.38 11
90.39 2
100.54 2
127.75 1
55.63 1
76.02 1
100.55 42
76.03 2
55.64 1
100.56 70
76.04 9
55.66 1
148.17 1
76.05 1
127.79 1
55.67 2
100.59 1
76.07 2
203.04 2
195.3 2
104.0 1
104.1 13
104.2 2
104.3 51
104.4 2
104.5 3
104.6 6
131.51 1
104.7 9
104.8 46
104.9 5
131.54 1
86.62 10
275.54 2
86.64 3
131.57 1
86.66 5
86.68 3
117.24 1
45.13 1
117.25 17
117.26 1
65.0 3
117.29 1
65.2 1
45.18 1
65.3 52
65.4 11
65.5 1
65.6 1
65.8 104
162.54 2
90.42 5
90.45 4
361.42 1
90.47 1
13.3 1
90.48 1
100.64 1
100.65 1
121.04 2
127.85 1
265.04 1
100.66 1
55.75 1
100.67 1
121.06 1
265.07 1
13.8 10
100.68 4
127.88 2
55.77 1
76.16 5
121.08 1
203.15 1
193.54 2
193.56 1
193.59 1
131.62 4
86.73 1
86.75 28
143.2 1
86.76 51
131.69 1
143.3 6
86.78 1
117.34 1
117.35 19
45.24 6
117.36 33
143.8 6
143.9 2
117.39 6
90.51 2
183.03 1
183.04 1
90.53 4
162.65 3
90.54 8
90.55 3
90.56 3
121.11 1
127.92 1
189.89 1
90.59 1
100.74 3
100.75 2
148.35 1
361.56 1
76.23 2
121.15 1
55.84 2
121.16 1
76.24 3
55.85 2
121.17 1
76.25 4
76.26 1
55.88 1
76.28 1
158.91 1
158.92 1
86.82 1
131.75 2
86.83 1
158.96 1
131.76 10
152.15 3
86.84 4
152.16 1
86.85 3
80.04 14
86.86 1
80.05 4
80.07 1
117.42 5
86.89 2
80.08 3
